1251 521 70
389 202 470 70
625 2964 70
173 2586 2402 1792 771 1061 1150 779 2528 2940 1522 2059 70
954 1345 820 2527 1320 1699 237 1166 1048 1681 1368
433 1368 2588 2424
1065 2207 266 1324 70
837 1488 70
791 1445 9 1910 2097 2778 386 2424
619 34 745 2143 3017 694 70
1240 65 3235 843 54 2543 1041 2424 1764
852 1982 1902 70
1252 264 521 2024
511 3014 596 2588
1148 384 832 2661 123 3102 1129 81 2424
204 38 973 356 2016 2917 70
334 385 166 1216 1114 1009 2424 1764
11 201 1199 1584 2212 1985 2633 1042 529 838 2012 2588 2601
1212 2811 3092 102 2008 70
813 1743 1389 1451 2949 416 3057 2588 2424
1039 70 70
504 225 1105 2026 1304 487 1092 2386 2985 2259 2424
1357 1827 70
960 1156 2627 757 2424
436 3192 2701 2388 2601
610 634 646 1949 980 3176 2116 363 507 2144 2729 2989 3045 943 553 341 70
215 1486 2481 609 676 2605 1809 3039 2160 2262 332 697 1368
138 1904 146 3070 3082 576 2715 2934 1708 1479 758 1067 1774 161 2588 2424
635 788 87 2601
1175 751 320 805 1045 296 1612 1343 2881 1487 2648 619 137 70
1294 303 901 709 371 510 257 511 2676 2424 2601
240 1188 322 716 2601
210 1655 67 2859 2335 2063 739 1783 2847 863 2512 2424
668 2217 2334 193 289 2187 147 1452 1995 968 324 2573 3006 1997 1723 2002 2690 1657 1513 423 488 70
351 380 2718 2786 1643 80 70
890 1627 1785 2654 1168 2588
778 2229 930 2678 319 212 2161 1180 1052 2520 2907 2512 1764
1040 2077 3153 2588 2424
370 2815 70
572 3171 2644 2608 287 1507 2740 1334 721 675 1412 424 2823 813 977 2424 2601
361 1291 1315 2992 1284 1499 3179 3220 1048 697
0 1771 1048 1013 2254 547 70
521 854 2782 1240 269 613 1274 2323 70
939 1335 2424
1159 2177 284 2714 2154 2450 3125 70
913 1873 2933 163 3138 334 3121 70 2588
34 1270 1977 97 983 2703 1352 2953 842 1085 1719 2610 1842 1740 737 2061 1797 1576 3026 70
487 1752 3216 1504 1337 1311 2111 1830 3019 1227 2205 2961 2424 2601
168 2490 550 249 1760 70
404 2658 1633 70
43 485 277 2155 3201 377 2024 521
1120 171 2588
1344 1948 2048 1355 1026 2227 2403 365 2010 326 1399 2532 2588 2424
1189 692 2202 1491 526 2218 2147 2289 1395 2588 2424
566 674 1211 2150 70
98 339 328 1942 2588 2601
876 1125 1095 157 2405 70
931 1172 469 1048 1681
46 787 1539 2494 629 70
1104 1819 483 235 3229 70
1188 711 361 2667 1885 1426 2424 2601
1235 1726 2613 2657 1690 1065 2392 2588 2424
1086 664 255 351 1264 2871 3013 2951 271 2435 1411 2288 3084 1502 949 323 2556 2019 2424
1347 713 2076 2421 1764
489 1595 697
246 1888 2122 3068 2588 2424
718 2655 2364 1732 1800 1193 2845 948 2909 2588
753 1472 130 1874 2547 70
180 2299 904 70
812 2993 668 1791 70
1170 2572 1787 3194 2666 2588
1387 1349 875 106 2273 2495 1398 2588
208 1177 2115 2173 1637 924 70
921 89 451 1048
1359 917 1635 1954 2577 170 2631 70
925 2736 1936 1650 70
1108 219 70
699 265 141 408 1880 2133 70
887 1903 1187 2615 1786 2416 1233 1531 1767 1079 3133 2606 70
1301 2300 2287 975 1024 388 1405 1346 2119 79 900 2883 1034 2601 1764 1048
601 1592 2588
969 1427 2551 70
746 3163 1571 3079 2404 70
586 261 1234 2424
97 2913 2030 666 2514 972 2588 2424
1204 696 667 85 1520 2424 3108 1724 2976 360 1236 2588
181 1795 1988 2088 2727 2798 945 2346 304 70
107 1002 2588 2424
1312 3242 70
1003 2447 2424
649 1469 1975 2278 1456 70
63 581 984 217 70
529 1681 1937 70
1107 855 707 434 2118 1710 359 2968 2428 444 2293 1434 899 2960 3030 570 2339 2206 1889 3018 1005 2051 644 1018 2588 2424
102 572 1422 2424
757 2451 392 53 70
849 563 2228 2779 331 2108 3217 3119 1915 70
24 635 2588
202 648 947 2560 70
1291 2172 1594 717 48 70
1032 3172 70
297 242 891 2826 1701 1256 3080 720 1083 985 1390 1161 1727 2588
949 222 267 1856 3128 544 28 1151 2082 849 1368 1427 521 37
556 734 867 2004 883 70
227 2856 1069 509 189 281 718 32 2462 2424
530 2804 1875 1492 2424 2601
596 700 2994 2197 2580 70
1223 695 657 2645 1402 3211 736 1893 1192 1174 3158 2685 599 2624 2588
465 2397 1332 308 1921 919 551 874 1984 783 1322 2424 2601
364 3123 2983 1765 1012 2743 2484 3186 2766 2189 2085 2745 2389 2489 471 2544 70 2588
1286 3111 516 1134 1560 1926 705 1000 2517 1021 70
775 2124 2175 1206 1433 2103 2696 2604 2360 812 3159 1883 2328 950 1055 70
1168 3012 1382 2791 1278 179 2280 852 2326 2365 597 1831 2885 2492 1072 1969 801 817 2697 1764 2024
898 1336 70
823 2908 2588
1250 538 70
557 2518 1178 2531 165 866 2751 585 588 3208 1865 989 3231 1131 956 715 2688 515 3056 1048 1681
1 1983 1764
230 19 1480 1822 350 70
113 3145 2834 769 784 844 2419 70
660 1764 187 791 70
1082 2279 2601
375 1992 382 70
1386 981 2424
873 2024 70
397 991 2153 2958 1845 2601 1764
268 1776 2895 2185 76 70
165 794 391 2417 578 2506 2029 3149 2833 3228 2497 1076 288 890 3199 990 1818 449 2075 1609 2588
1283 2009 893 2935 2665 70
807 1128 10 2003 3049 1470 3146 2500 2888 3198 3072 2601 984 1764
697 1133 2965 70
1172 1458 804 2588
419 3023 539 1155 3062 1170 295 2424
608 2563 2588
674 1059 2129 923 1898 2588
1299 2361 2914 2424 2601
47 21 2296 96 231 70
973 1709 70
1394 1191 2261 243 2142 70
95 2169 2251 2601
200 2996 2713 3210 1585 1998 1022 489 2424 2601
247 2929 172 2424
623 604 1344 1368 2172 19
1249 2268 1543 1054 2188 2291 2483 1186 446 1825 369 861 1384 2027 280 70
549 1189 70
1319 2023 1733 2726 2139 129 70
602 338 1980 1428 3140 167 3141 1485 60 1877 2380 70
696 631 2549 70
644 2919 3104 2355 2898 1993 1911 1471 45 433 2632 2310 2601 1764
985 1762 2588
694 2590 443 191 1824 698 1214 1231 116 2588
243 1705 1312 1273 70
657 2947 3129 1007 1515 1043 176 1764 1048
844 1094 524 595 154 669 2424
1380 1686 2588
232 2619 121 1038 2535 70
52 1756 413 2588
606 2243 780 1442 3041 785 3177 2588
692 2561 2474 2588 2424
742 1606 1363 1604 1870 2385 2130 155 1333 2371 505 2950 1365 1892 1403 17 2332 190 781 1632 2892 1121 2923 2900 2424
1306 747 270 70
71 1182 2821 124 70
40 2209 2591 902 795 5 1440 1238 70
527 292 484 922 697 1427
1276 2967 1179 2424 2601
362 2579 1777 1245 2424 1764
174 2455 3095 569 2977 412 2466 617 70
614 3197 2127 2368 1205 659 697 37 1427 1368 521
1045 2183 1711 70
50 628 2588
1015 1209 2424
672 2744 1208 422 965 2629 807 822 823 1362 1693 869 204 2588
505 1707 245 2049 2200 2098 967 70
1066 697 2588
92 104 1801 69 1617 218 321 2356 560 955 2588 2424
346 2576 730 2485 2096 1614 3214 2794 527 1116 1364 2774 1282 1071 70
943 2920 2668 2041 1086 70
821 2588 70
4 1802 2597 764 571 1994 2314 1961 3224 2938 1882 2588
494 1450 2272 2424 2601
1143 1698 2282 70
329 2422 1420 2757 2146 660 2596 2524 697
769 1228 1025 70
665 1748 2456 2755 1914 519 2781 958 3233 83 2553 70
1258 735 2266 2354 70
1274 2148 1661 70
1402 2465 126 70
785 142 814 2294 2622 1832 2080 1321 3 1807 1017 1881 1564 703 240 1796 1455 1953 238 2601
678 2235 70
434 37 70
91 3205 70
3 475 777 623 1821 439 128 3147 1745 1123 1203 70
498 3059 1309 1932 182 39 925 1706 984 697 1681
447 1251 2176 1202 1356 1369 1781 3029 1255 859 2601
809 998 1048
1021 2040 2896 393 2916 911 2503 962 1957 951 70
705 1697 70
974 1941 3069 1939 70
281 1112 2362 2686 2210 602 2784 2803 3004 1764
111 672 2599 637 2443 2424 2601
554 2719 1972 195 2955 168 50 1358 256 982 2284 2588
1367 598 1163 2588
877 2432 3047 278 2172 521
929 275 1692 2775 2434 355 1950 1764 1048
235 1596 2022 2588 2424
270 1218 565 448 2893 70
1383 2963 2787 1552 2424
99 1814 1494 1669 1301 2318 2198 1373 697
333 1651 3226 2538 2327 1400 2441 1654 1544 1641 1148 2588
832 1413 2857 1833 1032 70
1117 401 2258 2407 661 2424
463 61 1316 837 3078 1559 1430 2974 1850 2005 2424
284 316 2359 1048 1764
642 2984 70
1067 798 2158 1039 2836 1572 2588 2424
29 2683 2689 3091 2588
508 851 325 456 70
1142 651 1261 2588
349 2423 1368 1528 521
1158 523 70
1253 2681 2245 2601
944 974 2912 2797 2315 2107 3107 70 2588
216 2363 2502 2424
1001 1887 3245 122 70
309 2412 1580 2424
945 1649 117 2424
354 1090 1001 343 114 70
1308 2809 2588
70 532 23 1141 1846 1257 1712 1483 2868 1243 70
1184 1742 120 2656 2424
295 592 329 2959 70
218 701 3040 1308 3196 1871 981 521 2172
1096 2508 1753 2424 2601
1062 1371 394 198 70
1363 2874 364 593 2555 1181 1523 830 1916 933 894 521 19 1171 1221
162 649 2904 70
480 138 1427 37 202 1528
856 800 928 1229 2305 1183 2673 1099 2286 625 2601
501 2156 30 1823 6 1970 2178 3020 101 133 181 2588 2424
545 1945 2617 724 521 202
42 3169 1037 3206 1164 2876 421 70
67 460 1634 2588
83 3238 1737 2277 188 2677 2568 1620 70
1396 1663 3135 821 2607 2878 2588
603 194 1855 1619 1817 2424 2601
468 1947 473 1764
616 1215 2978 3189 2112 51 1672 2873 2058 2526 70
818 229 2733 1014 1126 1826 740 2603 2172 219 37 981
834 738 3050 70
347 2052 1843 2057 1854 70
372 552 70
1070 559 2592 336 836 987 2702 2265 1089 2722 259 1935 2512 1048
902 1521 2302 898 25 70
325 2792 706 2372 1242 199 756 1729 1259 2796 2066 896 1681 1368 37
502 3035 2860 1098 2374 2588 2424
166 1417 2015 461 2424
706 3083 2944 2307 590 2313 1857 441 428 2035 1103 472 353 2588 2424 2601
653 1860 2931 2529 70
633 3116 2054 70
302 2225 1285 378 3007 98 70
540 815 1611 400 733 1130 1755 533 1858 1717 2424
238 2429 632 250 2295 12 2725 2742 86 1989 1196 70
839 1078 2925 2861 2230 938 1990 1353 1764
1052 568 1738 1154 95 1764
824 1176 466 346 3117 2587 70
8 72 3213 868 605 2424
1048 2390 931 1565 1578 1056 2767 1075 2233 1132 1626 1109 260 1493 688 1764 697
456 3241 2588
1325 824 2588
287 1553 70
1037 2970 70
1077 298 1794 2891 2387 2865 70
96 1235 1764
1350 1340 640 29 1946 2557 3077 1918 258 1621 2199 3101 70
1027 1930 2424 2601
1280 73 606 150 70
553 1310 1629 286 2747 1475 70
1390 2841 2341 3187 583 3124 2378 1217 2348 2869 1554 1357 857 1607 2424
656 1788 508 2588
1007 2458 2507 2424
476 1803 3034 2222 1770 3064 3202 379 693 1454 871 3232 873 1359 24 2566 306 498 2828 802 230 1806 2452 2131 653 164 1020 2562 227 1063 274 1886 3204 70
539 2927 963 678 970 3110 615 268 3027 70
366 3227 2588
1273 2166 1111 2682 333 2731 500 1897 772 1959 2376 1416 2446 2788 1702 1638 70
1087 2541 2140 1891 66 70
1157 1106 220 59 70
1361 525 70
880 2790 1387 2424 697
912 241 1144 2601
1156 971 297 2046 70
719 479 330 435 3115 70
686 1518 786 492 3152 1093 252 1258 273 1583 2512 1764
740 2349 3011 2875 2071 1104 3032 2687 2240 2044 1666 1204 3164 2601 1764 984
1353 2973 2308 1474 1691 2439 2477 2264 2424 2601
1075 2858 445 214 70
274 3156 467 2430 2109 1716 1460 2398 3016 2094 2795 2588
1298 520 1628 1665 889 2459 2588
305 1342 173 2759 914 70
170 313 2317 687 521 37
691 2312 302 1683 865 2724 2588 2424
134 2982 1928 1439 3131 2396 1070 662 2442 1406 2680 1441 2588 2424
1265 579 490 399 70 2588
90 1812 2522 3150 1685 447 3071 888 3170 2321 915 2424
1018 1073 2316 88 70
991 907 1852 1060 125 3188 932 2480 2601 2512
814 1541 2324 52 1118 2184 84 2588
186 16 1219 8 70
1111 2171 1816 357 131 1864 1360 1601 1768 1415 2068 70
245 1194 2588
10 941 70
279 575 1425 1506 1162 1973 70
442 2145 2105 503 1299 697
214 2805 1473 708 2588
1036 856 2932 70
182 1247 2100 2493 2424
847 477 1648 2221 790 375 2588
684 2602 2988 70
1205 2536 587 3137 704 1317 70
250 301 1562 655 347 132 43 979 183 3236 3058 2017 502 2559 282 2835 2588 2424
794 2812 2601 1764 984
483 626 809 2424 2601
695 2081 2024 1764
194 2018 697
816 1184 1967 1368
407 2461 1630 70
679 139 2601 1764
984 744 335 876 1366 722 1300 697
968 1662 906 1149 1529 2737 2025 1636 26 184 1280 1566 766 1986 70
57 2226 1671 1837 806 158 2813 2342 853 77 2761 1549 1734 1525 773 2827 1851 367 1374 2720 1952 70
1105 719 1263 70
1084 677 2672 2453 685 1119 1239 1900 3044 3180 2588 2424
846 1540 144 2425 2625 2588 2424
451 1388 44 70
269 858 1597 2478 2588
122 11 2820 2550 1004 2601
638 3144 2662 2669 376 2758 1700 370 2006 70
787 1453 70
328 1668 1761 70
1300 1015 1735 2975 995 70
583 2921 70
709 562 2424
1219 726 1569 2609 62 70
734 630 829 70
217 2583 1497 455 70
631 2223 291 1703 2410 2601
172 2069 2962 759 627 909 2464 362 2325 3244 327 2979 546 2618 1200 2020 2588
515 1556 1277 2748 3191 3112 216 135 1820 2377 1841 411 2872 577 2220 70
392 1798 70 2588
802 2350 960 2373 2120 2239 70
342 1853 2045 2588
979 1527 1421 1482 1574 70
651 767 1722 2601 1048 1764
1119 1659 491 2588
764 2843 436 792 2588
263 1135 474 624 1449 2588
1214 1140 681 2842 1505 1361 2639 2588
535 2822 2698 70
48 2157 2232 2270 1978 1347 2710 2162 1872 2588 2601
459 2721 3240 311 1519 406 1296 1292 200 1386 458 1330 493 2152 70
151 614 70
911 1593 70
1100 1979 797 215 1380 964 828 912 2515 542 684 3097 2424
1068 1610 358 1232 638 31 3053 2870 2236 1404 70
314 1763 1844 1678 2448 1436 2679 1963 3195 2438 2997 2050 70
867 1599 1496 1120 2674 1077 2034 2770 2072 2819 3182 1328 2601 1764
378 169 2601
18 2810 1271 1016 2473 1495 1510 2424
555 1673 185 70
861 2191 886 1557 2601
728 3090 1197 2588 2424
458 663 1919 3190 2290 317 70
640 2882 2986 1646 1048 1368
473 1082 136 2588
1379 1793 1490 2886 808 2172 1427
72 3037 2126 895 818 1623 2488 149 1019 2830 984 1368
1171 2942 2256 2424
1338 591 70
493 2695 2309 70
1365 877 2570 70
767 2472 70
1109 2825 2588
799 755 2769 1467 1674 1394 374 2138 70
1222 1268 935 760 100 1153 430 1113 3065 2181 1410 999 1074 2512 697
336 580 1283 1102 2424 2601 1764
1166 1532 1962 109 2043 2329 1960 1561 70
900 1035 1863 414 1468 2395 1757 478 1955 70
510 691 2707 2344 610 70
916 564 463 2420 2884 496 959 2400 1876 112 2509 665 2079 372 486 481 70
851 1448 1354 2167 1810 903 1341 2174 1185 512 2424
1226 2491 70
738 2070 1327 239 1147 2399 3054 2038 70
889 1378 908 1759 90 2768 70
482 1298 2588
765 1167 2424
322 2575 2684 1195 1811 2468 2601
817 2011 879 1815 1305 2053 2192 557 2424
703 1772 892 690 2601 1764
41 2164 70
116 1418 70
804 647 2699 897 819 70
1043 3209 848 2588
1315 1660 2084 2771 778 2588
184 15 1048 2024
435 2800 3203 2601
641 2056 2534 1220 2700 1758 2424
563 1159 232 2249 2588
1201 3073 127 70
1217 1393 2542 2060 2601
1128 2670 459 831 2887 2816 2601
827 3239 1547 70
1360 3160 2424 2601
1089 1925 70
1310 1500 1397 70
1224 1545 2849 2007 70
1144 1804 3001 2414 1964 3096 2588
1336 1372 2135 2454 1764
996 2646 1137 1896 658 70
1138 71 2854 603 55 1064 3151 2512 1764
352 582 415 2585 2424
466 425 3042 2424 2601
266 1351 2093 862 1901 1966 2411 2424
9 2990 1996 517 70
189 2394 70
315 810 1028 2548 1160 2588 2424
1267 2151 2659 36 78 70
790 1289 1868 2717 160 340 1368 2172
409 1679 1715 530 440 2424 2601
163 2211 1764
19 2297 770 2083 2901 1764 1048
105 1721 2099 2320 1829 2512 1048
348 3215 1011 300 2424
1355 3002 70
888 1528 437 2601
1403 2104 1684 2165 70
306 2186 2424
412 2991 70
59 534 2588 2424
237 1608 2424
126 35 872 518 3015 761 2588
1391 1598 574 156 2134 3106 70
652 1392 3008 283 70
569 1435 1575 555 2032 70
244 2578 506 2353 2047 1068 2137 70
793 197 1031 70
1000 2224 2424
836 305 2 1550 1867 2588 2424
1269 749 2716 860 1958 2424
671 2711 70
340 20 3075 70
841 2889 1171 1744 586 70
993 3126 236 763 1048 1368
124 208 93 70
137 226 1731 881 910 2601
995 2269 521 37
571 3000 2709 418 1293 1331 70
387 702 2182 310 70
149 2750 3114 2588
1118 1713 2601 2595 2014 3003 49 2588
1257 431 1048
797 3166 2906 2850 953 70
179 2877 1096 1030 1408 3223 2504 1790 2588 2424
25 2814 1339 70
6 3085 3021 70
953 1100 2382 1318 1040 1329 2588
1136 1122 2956 2789 1754 2424
669 2141 2588
114 927 3122 2424 1764
702 1535 405 3022 2253 2440 70
171 2763 3005 2424
31 1377 2525 2424
437 978 3076 1956 1589 70
249 2653 833 1769 2213 2937 1146 70
1044 2899 2460 70
1406 2593 2939 2867 1498 1681 1427
307 1391 1489 2136 1222 1244 1290 2569 918 1934 27 70
288 3175 2424
541 2611 1462 728 2936 2358 3222 2039 528 913 2903 2588 2424
406 2712 2616 1720 70
1033 834 427 1266 2110 839 70
724 94 2943 1653 741 2298 2588
1198 409 573 1640 70
396 1466 1587 2424
605 2469 70
472 1314 608 2180 1190 348 70
796 1602 1062 453 2391 2980 2424 2601
331 2799 2760 2067 70
951 2337 1624 381 2114 976 1533 2013 1528 37
457 1689 1142 929 70
522 558 70
118 1642 1084 70
519 192 1866 70
1302 1884 847 2839 1396 70
965 14 1789 115 70
1229 3089 793 944 2431 70
744 1447 2630 1764 1681
875 162 3157 2242 1087 3134 2381 2433 2055 993 2730 2634 2512
335 3161 3155 70
7 2250 46 70
632 621 1563 1248 3088 1581 2424
675 1138 731 3087 210 111 1912 2179 1862 1906 3183 70
103 2033 2336 1938 70
1256 3103 2546 2424
639 307 639 70
870 504 2340 966 70
815 1407 1704 1484 1613 2552 248 643 3086 2995 1656 1027 2693 2424 2601
1392 2846 1570 2588 2424
1150 642 3200 70
593 1381 148 641 70
36 2384 2276 680 2246 1764 697
453 1917 1927 211 2467 70
1038 2832 2588
191 410 2283 1272 70
622 1276 262 1201 70
485 1127 2588
1161 366 2588
525 1940 2765 846 1920 1409 2445 2369 56 2588
260 3010 233 2588
1160 1370 543 2588
1351 432 1438 2752 2704 2095 622 70
449 2862 3148 1548 1675 1108 746 765 2512
772 1600 3036 454 2636 70
1076 522 70
1330 223 2588
758 2946 1427 2024 1368 521
127 2735 2848 70
1389 1929 1443 318 2588
1279 2248 2571 3060 70
280 294 2588
21 1968 389 1736 3120 2601
854 314 2424
381 2203 2519 2379 2237 1799 2090 2588
858 1080 2231 3066 70
637 1010 3048 3127 952 177 368 1048
1285 1008 1879 1680 1976 1097 752 70
203 611 1288 1725 3174 3184 70
142 2470 926 99 2741 1323 2734 2588
187 616 373 1465 1212 1658 1302 70
547 2476 70
255 2304 2424
567 885 1424 2894 2890 2780 650 403 2424
1113 2383 70
299 1652 2793 110 2588
990 1730 70
256 1514 2113 497 462 1260 70
1311 2539 2247 1509 1579 143 1375 2954 1764 2601
1164 285 656 2650 2971 612 70
957 2322 251 535 754 1143 2424
670 1849 2588 2424
439 153 878 70
893 714 70
373 3099 743 2588 2424
1243 3093 70
574 276 70
1377 1943 2424
1176 178 2214 1511 465 70
964 2125 70
422 2818 1551 1577 1124 1622 495 725 70
251 1894 70
1239 2319 1688 2897 2424
146 1053 2706 2078 2190 2424
60 2449 70
1281 1780 2065 70
496 1913 2303 70
68 2660 354 2588 2424
967 299 1303 383 2101 2749 803 2601
923 196 70
1060 939 70
1376 654 70
806 946 2902 2424 2601
461 1965 1696 2601
239 789 521 1427
233 2215 697 1681
82 536 2844 70
1318 205 1808 2926 429 566 70
989 3098 1764
418 2436 1681 697 2024
1381 1838 1778 775 2880 2588
1035 1224 2601
470 2168 2588
1125 3230 70
394 811 2516 1047 70
1099 997 70
683 1625 3109 70
252 916 671 70
680 541 70
1177 954 1165 1081 2588
1145 1695 3139 0 986 1281 70
859 1221 70
1028 2001 3025 1501 70
500 2486 567 70 2588
1207 1951 2406 70
825 1728 3074 396 2626 2588
69 2764 1764
384 1644 2651 70
1254 64 2510 1444 2117 3063 1987 2028 2601 1764
592 272 2998 2915 113 70
1242 3178 2783 1718 499 2424 2601
986 1306 3081 2785 3059 794 2469
546 2824 2601
735 2910 22 1909 2558 3038 652 2123 729 2424 2601
781 501 514 2367 607 633 1828 2338 2424
139 438 246 92 1586 2817 2424 2601
259 279 884 3113 513 3154 70
872 2628 2408 1003 2037 2957 2424
920 636 988 247 70
828 41 70
819 1582 3185 1368 1427
1233 3061 2601
1236 3031 2588
294 2565 419 2292 2424
947 1307 70
980 727 2424
739 1058 219 981 202
1115 762 1779 2588 2424
330 263 47 2424
474 768 2024 1368 1427
589 42 70
223 1647 70
701 1446 70
264 2482 1267 2691 1383 1057 1546 2601
357 2216 70
161 1367 2409 426 2598 554 70
296 2418 387 2588
604 1459 1971 70
1130 2694 2581 1036 2601
490 2837 70
1341 2121 2588
905 782 70
942 1664 70
1230 1253 70
13 2244 70
1398 870 2424
748 1207 70
908 2238 3219 70
430 594 2588 2424
588 1890 2567 70
1334 2930 1279 712 2863 2424
924 2042 2981 2746 2641 2588 2424
16 1526 70
383 108 2637 827 697 1681 1427 1171
64 1210 682 2588
17 1269 70
277 2564 404 70
658 1677 1173 840 70
177 1139 732 2193 2252 2588
577 1117 2806 3173 2086 1431 70
1304 1423 2159 254 2415 1437 2601
1153 1250 2021 70
276 2204 70
1247 1110 2499 799 2692 1573 2424
145 841 2424 2601
219 2642 4 476 70
1278 2505 2000 1051 1944 1477 1764
615 2301 1313 70
1210 1667 1368
838 2582 2330 1478 826 1350 2588
768 1463 942 1508 2588
1331 175 1899 3046 352 2705 70
864 1049 1476 452 2588
135 151 969 750 1 2708 2523 2588
956 2106 1376 3143 2663 2275 2952 1847 1338 2345 1836 206 2274 2588
1339 531 1066 1694 2588
966 1670 2840 224 2855 2601
1154 2062 2808 2260 70
432 2652 3168 70
128 3193 1158 2475 3105 1536 70
398 2987 3234 3221 70
377 105 2776 70
1202 1152 70
587 2393 2801 2588
981 1145 845 2966 2588
1307 2537 2087 2424
1050 620 1401 3043 457 70
416 1006 1764
1208 1924 1834 70
318 2463 3225 70
1292 540 70
236 2621 2588
579 1538 2588
543 75 1764
393 1226 342 70
548 589 2588
676 1246 1429 2588 2424
154 74 1230 70
1234 2924 2753 934 2802 936 2588
155 207 70
1270 2623 1605 70
1059 1348 864 1379 1048 697 2024
536 1136 70
1047 3118 2738 2424
883 2196 2424
891 2092 3207 2073 2969 2234 2852 70
562 1923 880 2838 2588 2424
444 1101 2601
308 1639 70
687 2530 70
301 561 2588
977 645 921 2601
28 1895 70
897 2540 1050 2588
1191 835 1325 2424
94 2285 134 549 70
909 905 70
618 1524 1682 2614 1107 3033 2424 2601
30 1766 70
226 2281 293 107 2588
1324 3218 70
910 480 70
1005 203 2588
722 1023 70
848 1775 742 70
326 1603 70
1073 2219 2588
1114 1782 957 70
1012 312 920 468 2545 1764
211 3165 2424
414 1590 70
634 63 1687 1999 395 2640 1213 1764
1289 390 2777 70
32 584 70
720 103 221 1029 3028 697 2024 1681
1337 2638 1835 2208 1922 2588 2424
914 2521 2905 70
636 464 2601
454 1294 70
1260 1175 683 2601
74 601 996 1295 2195 1840 70
58 1326 2728 1419 2424 2601
1083 2257 882 2588
1085 349 3100 2588 2601 2424
611 1805 2588
1152 1907 18 3052 1464 825 70
801 2427 3142 70
612 1225 2588
1370 186 70
104 253 2584 145 70
426 2612 1223 2588
1327 2267 70
467 337 2401 1749 2918 70
1078 2375 2194 2588 2424
1206 3024 2241 70
1123 2366 2588
431 3094 70
1137 670 2357 2163 697 2024
285 1457 2588 2601
1185 3167 70
196 2370 1616 1044 1981 2424
234 482 2424
271 937 2588
1181 1503 2352 1297 3130 70
835 2635 2807 1157 2588
1141 2574 315 2201 70
316 2941 140 1048 984
44 2829 70
212 33 70
1203 1432 70
159 7 70
1093 68 2424
664 2594 2601
534 82 2588
1180 600 2513 70
56 1542 70
1194 40 70
833 1591 70
120 2948 1933 70
1072 2589 2588
526 1618 2424 2601
792 2772 70
627 699 2664 1512 2601
39 2922 70
550 3051 1714 1739 70
338 1750 3243 70
1333 1385 70
80 2945 2601 2424
721 2762 2091 70
1329 1568 2972 2773 3212 2031 2424
892 556 548 2128 2588
344 1414 1567 70
711 2089 70
1245 2255 1461 2424
391 1861 70
358 3136 2424 2601
382 1091 70
715 1974 2347 1198 2036 70
1227 816 2601
904 1286 70
1129 1931 70
1179 961 70
1297 1241 70
491 2928 2424
754 2831 2351 70
88 1046 3237 748 2588
1382 1254 420 2675 2426 70
261 992 2588
733 2306 70
927 796 2588
499 244 2496 70
1199 209 1631 2588
54 2437 2424
248 2471 887 442 1764 1048
55 537 2424 2601
773 2479 2424
1397 2911 70
585 2533 70
561 2132 2424
532 1773 70
630 2732 1859 234 2512
506 309 70
390 1555 70
1373 13 70
673 2331 2866 70
273 2649 2647 202 1221 2469
741 3181 70
61 1033 70
743 1905 1908 70
730 1088 2601
992 2311 70
66 2457 2588
1094 1848 1751 70
576 2864 2424
789 1645 2754 2424
537 673 2424
1305 2554 70
386 2739 70
1303 402 2424
935 940 2620 2343 2024 2601 1764
1178 994 70
228 58 70
662 723 70
73 1747 2588
1095 417 2671 2601
597 1517 70
199 2498 2601
78 119 2424
79 1537 2588
884 1784 70
213 618 397 2424
737 1237 1319 70
417 118 2424
84 776 2588
810 1530 290 159 407 3162 2601
89 2102 2601
963 686 2588
885 494 70
681 2643 2588
385 2600 2424
514 2149 1368 521
1121 1588 70
1174 850 2263 70
1030 1991 70
1313 3132 2424 1764
1155 1169 2444 70
112 3055 697
667 1558 70
1186 1878 450 70
291 1287 2424
982 1813 70
756 1115 70
853 3067 2511 697 1427
766 1676 2424
1200 1516 2601
783 1481 70
460 344 1368
1290 774 70
272 2170 70
158 213 70
784 2271 70
879 2853 2487 3009 1265 70
1132 398 70
941 174 70
1182 2413 2424
1321 2333 70
1098 57 345 70
1135 91 1615 1681 1368
190 1275 2588
551 2999 1368 2024 521
1097 2879 2424 2601
826 2851 219
224 710 2756 70
415 2064 2723 2588
221 2074 70
225 1534 2588
369 1869 1048 697
1041 689 2424 2601 2512
1126 228 70
1261 152 70
704 1839 2588
714 1746 70
759 545 70
808 1252 70
1259 1249 2424
1011 1741 70
1216 679 2588
1244 2501 70
1277 1262 70
1332 180 2601
1408 753 2588
2 70
5 2588
12 70
14 2424 2601
15 2424
20 2588
22 2424
23 70
26 1048
27 2588
33 2601
35 2424
37 70
38 70
45 70
49 2424
51 70
53 2588
62 2424
65 70
75 2588
76 2424
77 70
81 2424
85 2588 2424
86 2588
87 1427
93 70
100 70
101 70
106 2588
108 2588
109 2588
110 70
115 2424
117 70
119 70
121 2588
123 70
125 70 2588
129 2588
130 2424
131 1764
132 70
133 2424 2601
136 2424 2588
140 70
141 70
143 70
144 70
147 70
148 70
150 70
152 70
153 70
156 70
157 2588
160 70
164 70
167 2588
169 70
175 70
176 2588
178 2588
183 70
185 697
188 2424
192 2424
193 70
195 70
197 2601
198 2588
201 70
205 2601
206 70
207 2601 2424
209 2424
220 2588
222 70
229 2588
231 697
241 2424
242 70
253 70
254 70
257 2601
258 2588
262 70
265 70
267 2588
275 1764
278 70
282 70
283 70
286 70
289 2601 1048
290 70
292 70
293 70
298 2588
300 2588 2424
303 70
304 2424 2601
310 70
311 70
312 70
313 1764
317 70
319 70
320 70
321 70
323 1048
324 2172 19
327 70
332 70
337 2588
339 70
341 2588
343 70
345 2424
350 2588
353 70
355 70
356 70
359 70
360 70
363 2601
365 2424
367 70
368 2588
371 2424
374 2424 2601
376 70
379 2424 2601
380 70
388 2424
395 2588 2424
399 2424
400 70
401 697 1427
402 1048
403 2588
405 697
408 70
410 70
411 1368 1427 1528
413 2424
420 2588
421 70
423 70
424 70
425 2588 2424
427 70
428 2424
429 2424
438 70
440 70
441 70
443 70
445 2588
446 70
448 70
450 2424
452 2588
455 70
462 70
464 2424
469 70
471 2588 2424
475 2588
477 70
478 2588
479 70
481 70
484 70
486 2588
488 70
492 70
495 70
497 70
503 70
507 70
509 70
512 70
513 697
516 70
517 2588 2424
518 70
520 70
523 70
524 70
528 1368 1427
531 70
533 2424
538 2424
542 70
544 2424 2601
552 2601
558 2588
559 521
560 70
564 2588
565 70
568 1764
570 2424
573 70
575 2601 1764
578 2588
580 2588
581 70
582 2588
584 70
590 70
591 70
594 2588
595 2588
598 70
599 70
600 2424
607 70
609 2424
613 70
617 70
620 70
621 70
624 1427 521
626 2588
628 2424
629 70
643 2601
645 2601 2424
646 70
647 70
648 2424
650 70
654 2588
655 70
659 70
661 2588
663 70
666 2424
677 1427
682 2588 2424
685 70
688 70
689 70
690 2424
693 2588
698 2424
700 1048 697
707 70
708 70
710 2601
712 2588
713 70
716 2424
717 70
723 70
725 70
726 70
727 70
729 70
731 2588
732 70
736 2424
745 70
747 70
749 70
750 2424
751 2588
752 70
755 2588
760 2601
761 2588
762 70
763 2588
770 70
771 2601 2424
774 2588
776 2424
777 70
779 2424
780 2601
782 2424
786 2424
788 70
795 70
798 1368
800 1764 697
803 70
805 70
811 70
820 1764 1048
822 2588
829 70 2588
830 2588
831 2424
840 2424 2601
842 70
843 70
845 70
850 2424
855 2588
857 70
860 70
862 2424
863 70
865 1764 1048 697
866 70
868 70
869 70
871 70
874 70
878 70
881 70
882 70
886 70
894 70
895 2424
896 2601
899 2424
901 1427 1368
903 2424
906 70
907 70
915 2424
917 697
918 2024
919 70
922 70
926 2588
928 2601 2424
930 70
932 2588
933 1427
934 70
936 70
937 70
938 2588 2424
940 70
946 2588
948 70
950 2424
952 70
955 2424
958 2588
959 70
961 70
962 2424 2601
970 70
971 70
972 1048
975 70
976 70
978 70
983 2588
987 70
988 2424 2601
994 2424
997 2424
998 70
999 2601
1002 70
1004 2424
1006 70
1008 70
1009 2588
1010 70
1013 2588
1014 2424
1016 70
1017 2588
1019 2588
1020 70
1022 70
1023 70
1024 70
1025 2588
1026 70 2424
1029 70
1031 1764
1034 70
1042 70
1046 70
1049 70
1051 1368 521
1053 2424
1054 70
1055 70
1056 1764
1057 70
1058 70
1061 2601
1063 70
1064 2424
1069 70 2588
1071 70
1074 70
1079 70
1080 2424
1081 70
1088 2588
1090 70
1091 70
1092 70 2588
1101 2588
1102 70
1103 70
1106 70
1110 2024 1368
1112 70
1116 2588
1122 2424 2601
1124 2588 2424
1127 70
1131 1764
1133 70
1134 70
1139 70
1140 2424
1146 70
1147 70
1149 2424
1151 2588
1162 70
1163 70
1165 70
1167 70
1169 2588 2424
1173 70
1183 2424
1187 70
1190 2424
1192 70
1193 70
1195 2424
1196 70
1197 2588
1209 70
1211 2588
1213 70
1215 70
1218 70
1220 70
1221 2424
1225 70
1228 2588
1231 2588
1232 70
1237 2588
1238 70
1241 70
1246 70
1248 2588
1255 70
1262 70
1263 70
1264 70
1266 70
1268 2601
1271 2424
1272 70
1275 70
1282 70
1284 2588
1287 70
1288 70
1293 2601
1295 70
1296 70
1309 70
1314 2588
1316 2424
1317 2601
1320 2601
1322 2601
1323 70
1326 70
1328 70
1335 2588
1340 70
1342 70
1343 70
1345 2424
1346 70
1348 1764
1349 2601
1352 70
1354 70
1356 70
1358 2588
1362 2588
1364 70
1366 70
1368 70
1369 70
1371 2424 2588
1372 70
1374 70
1375 2424
1378 70
1384 2588
1385 2588 2424
1388 2424
1393 70
1395 2424
1399 70
1400 2601
1401 70
1404 2424
1405 2588
1407 70
