1251 521 70
389 202 470 70 2601
625 2964 70 1764
173 2586 2402 1792 771 1061 1150 779 2528 2940 1522 2059 70 1764 1048 2172 697 521 2601
954 1345 820 2527 1320 1699 237 1166 1168 1048 2023 981 1368 2172 2060 2658 1681 219 2790 1785 1715 1992 1172 1156 2987 2422
433 1368 2588 521 2424 1427
1065 2207 266 1324 2588 70 521
837 1488 70 2601
791 1445 9 1910 2097 2778 386 2424 1427 1764
619 34 745 2143 3017 694 70 2601 37
1240 65 3235 843 54 2543 1041 1762 2424 2024 1764 963 981 1048
852 1982 1902 70
1252 264 2658 2024 2077
511 3014 596 2588 1681 1427 2601 1764
1148 384 832 2661 123 3102 1129 81 2424 2172 2469 1368 1427 19
204 38 973 356 2016 2917 2588 70 2424 2172
334 385 166 1216 1114 1009 2424 1427 37 2658 1764 697 3059
11 201 1199 1584 2212 1985 2633 1042 529 838 2012 2588 2601 984 1026 2172
1212 2811 3092 102 2008 70 2601 25 1764 2424 697
813 1743 1389 1451 2949 416 3057 2424 2588 1171 2024
1039 70 70 2601
504 225 1105 2026 1304 487 1092 2386 2985 2259 2424 697 2024 521 1528 2026
1357 1827 70
960 1156 2627 757 1048 2424 1172 1764 1427
436 3192 2701 2388 631 3002 697 1368 2601
610 634 646 1949 980 3176 2116 363 507 2144 2729 2989 3045 943 553 341 2588 70 2601 1048 697 1764 2077 2024
215 1486 2481 609 676 2605 1809 3039 2160 2262 332 697 1368 3002 2843
138 1904 146 3070 3082 576 2715 2934 1708 1479 758 1067 1774 161 2588 2424 981 1368 1171 2435 2001 1528
635 788 87 2601 1172 202 2024
1175 751 320 805 1045 296 1612 1343 2881 1487 2648 619 137 2424 70 1368 1172
1294 303 901 709 371 510 257 511 2676 2424 2601 1764 1171 2984 1368 1026
240 1188 322 716 2601 1048 1368 2843 219 697 202
210 1655 67 2859 2335 2063 739 1783 2847 863 2512 2424 2512 1764 521
668 2217 2334 193 289 2187 147 1452 1995 968 324 2573 3006 1997 1723 2002 2690 1657 1513 423 488 70 2424 1679 1681
351 380 2718 2786 1643 80 2588 70 2973
890 1627 1785 2654 1168 2424 2588 1764
778 2229 930 2678 319 212 2161 1180 1052 2520 2907 1764 2172 2512 37 19 3239 1221 3002 3059 30
1040 2077 3153 2588 2424 19
370 2815 70
572 3171 2644 2608 287 1507 2740 1334 721 675 1412 424 2823 813 977 2026 25 2601 2183 2424 1048 2512 697 1168 521
361 1291 1315 2992 1284 1499 3179 3220 697 1168 1048 37 2026 1171 2077 794 2461 1992
0 1771 1048 1013 2254 547 70 521 1368 2026
521 854 2782 1240 269 613 1274 2323 439 70
939 1335 2913 521 1992 1048 2424 1681
1159 2177 284 2714 2154 2450 3125 70
913 1873 2933 163 3138 334 3121 70 2588 2449 2172
34 1270 1977 97 983 2703 1352 2953 842 1085 1719 2610 1842 1740 737 2061 1797 1576 3026 70 2601 697 219 2424 1764 521 2238 984 1500 1427
487 1752 3216 1504 1337 1311 2111 1830 3019 1227 2205 2961 2424 2601 2024 1863 19
168 2490 550 249 1760 70 2588 2601 219 2424
404 2658 1633 70 2601
43 485 277 2155 3201 377 521 2024 1172 2820 2805 1559 2045 3242 604 1526 2449 1984 2014 1256 1679 2591
1120 171 2424 2588
1344 1948 2048 1355 1026 2227 2403 365 2010 326 1399 2532 2588 1171 2601 219 2424 1681 2024 1048 2449 1427 1368
1189 692 2202 1491 526 2218 2147 2289 1395 2588 2424 1764 697
566 674 1211 2150 70 521
98 339 328 1942 2588 2424 2188 2601 1764
876 1125 1095 157 2405 70 1368 2424
931 1172 469 2809 1681 1048 2024 2449 1172 2469
46 787 1539 2494 629 70 2588 2601
1104 1819 483 235 3229 70 2424 697
1188 711 361 2667 1885 1426 2601 2424 697 1764 2984 1168 1427 1992 2172 1528 1681
1235 1726 2613 2657 1690 1065 2392 2601 2424 981 2588
1086 664 255 351 1264 2871 3013 2951 271 2435 1411 2288 3084 1502 949 323 2556 2019 2424 697 1256 219 2512 1048 1221 2052 1495
1347 713 2076 2421 1048 697 1764
489 1595 697
246 1888 2122 3068 2588 2424 2601 1368
718 2655 2364 1732 1800 1193 2845 948 2909 2588 1764 1048 697
753 1472 130 1874 2547 70 2424 1156 1528 1681 1048
180 2299 904 70 2588 2424 2790
812 2993 668 1791 70 2424 697
1170 2572 1787 3194 2666 521 2588 1368
1387 1349 875 106 2273 2495 1398 2588 2424 1427 1221 3240 219 1156
208 1177 2115 2173 1637 924 70 2588 2601 2024 1427
921 89 451 1785 2461 1048 604 219 794
1359 917 1635 1954 2577 170 2631 70 2588 19 1764 2024 1679
925 2736 1936 1650 70 2424 37 1048
1108 219 70 2424
699 265 141 408 1880 2133 2424 70 2469
887 1903 1187 2615 1786 2416 1233 1531 1767 1079 3133 2606 70 2601 719 1764 2809
1301 2300 2287 975 1024 388 1405 1346 2119 79 900 2883 1034 2601 1764 2542 1368 662 1528 1172 1166 1048 1171 37 3185 1152
601 1592 2588 1681 2601 697 1172
969 1427 2551 70 2588
746 3163 1571 3079 2404 70 2422 1528
586 261 1234 697 1785 521 37 2424 1764 3002 19 202 1427 2172 1221
97 2913 2030 666 2514 972 2424 2588 2601 299 2172 521
1204 696 667 85 1520 2424 3108 1724 2976 360 1236 2588 2424 521 1681
181 1795 1988 2088 2727 2798 945 2346 304 70 2588
107 1002 2588 2424 38
1312 3242 70 2601
1003 2447 2424 2809 19
649 1469 1975 2278 1456 70 2424 2601 521
63 581 984 217 70 2424
529 1681 1937 70 2424 521
1107 855 707 434 2118 1710 359 2968 2428 444 2293 1434 899 2960 3030 570 2339 2206 1889 3018 1005 2051 644 1018 2424 2588 2601 2512 2913 19 3241 2103 487
102 572 1422 2424 37 219 521 981
757 2451 392 53 2588 70 2469 2601
849 563 2228 2779 331 2108 3217 3119 1915 70 2424 2601 2588
24 635 2424 2588 2601
202 648 947 2560 70 2588 2424 2601
1291 2172 1594 717 48 70 1427
1032 3172 70 2424 2588
297 242 891 2826 1701 1256 3080 720 1083 985 1390 1161 1727 1764 2588 2601 1048 984 21 1292
949 222 267 1856 3128 544 28 1151 2082 849 521 662 37 2658 1785 446 19 1427 2186 2843 1368 789 1026 21 219 1246 1156 2235 1679 2849 1965 721 1584 2422 25 487 3240 1165 1235 2809 1495
556 734 867 2004 883 70 2601 1048 1764 2588
227 2856 1069 509 189 281 718 32 2462 202 1528 2424 1048 1171 521 2182 19 3242
530 2804 1875 1492 2424 2601 521
596 700 2994 2197 2580 70 2588 1764 2424 697
1223 695 657 2645 1402 3211 736 1893 1192 1174 3158 2685 599 2624 2601 2588 1764 3090 697 2183
465 2397 1332 308 1921 919 551 874 1984 783 1322 2601 2424 1764 2024 1427 697 1048 963 1681
364 3123 2983 1765 1012 2743 2484 3186 2766 2189 2085 2745 2389 2489 471 2544 70 2588 1764
1286 3111 516 1134 1560 1926 705 1000 2517 1021 70 2588 1764
775 2124 2175 1206 1433 2103 2696 2604 2360 812 3159 1883 2328 950 1055 70 697
1168 3012 1382 2791 1278 179 2280 852 2326 2365 597 1831 2885 2492 1072 1969 801 817 2697 1221 1764 963 2024 1785 521 2843 1168 2056 1715 21 3002 202 2658 2829 662
898 1336 70 2424 604 1528 1764
823 2908 2424 2588
1250 538 70 2424 1048
557 2518 1178 2531 165 866 2751 585 588 3208 1865 989 3231 1131 956 715 2688 515 3056 1681 1785 1048 1715 2843 1221 61 2026 2023 38 963 986 1246 1156 2188 2546
1 1983 2024 1764 521
230 19 1480 1822 350 70 2424 2601 1764
113 3145 2834 769 784 844 2419 70 1681 1048
660 1764 187 791 2424 70 1048
1082 2279 2601 1048 2024
375 1992 382 70 2588
1386 981 981 2424 521
873 2024 70 2024
397 991 2153 2958 1845 19 2601 1764 3240 1500 2172 521 1368 202 25 1292 2658
268 1776 2895 2185 76 70 2588 2424
165 794 391 2417 578 2506 2029 3149 2833 3228 2497 1076 288 890 3199 990 1818 449 2075 1609 2967 2588 1048 1681 2182 2172 1221 2024 2658 2469 1427
1283 2009 893 2935 2665 70 1764 2422
807 1128 10 2003 3049 1470 3146 2500 2888 3198 3072 984 2601 1764 1427 2790 1048 2546 2026 1681 697 521 613 1368 1171 3240 2658 1168
697 1133 2965 70
1172 1458 804 2588
419 3023 539 1155 3062 1170 295 697 2424 1368 1764 1221
608 2563 2588 2424
674 1059 2129 923 1898 2588 1168 1785
1299 2361 2914 2424 1764 2601 1368
47 21 2296 96 231 70 1368 2601 2024
973 1709 70 202 697
1394 1191 2261 243 2142 70 1246
95 2169 2251 2601 1764 1427
200 2996 2713 3210 1585 1998 1022 489 2601 2424 2469 1368 963
247 2929 172 697 2424 1427
623 604 1344 1368 2172 19 1500 30 1150 3025 2235 631 3242 1229 1667 2169 604 1221 3002
1249 2268 1543 1054 2188 2291 2483 1186 446 1825 369 861 1384 2027 280 70 2588 1785 2172 604 521 1992 1543
549 1189 70 2588 1764
1319 2023 1733 2726 2139 129 70 2588 2424 1992 1048
602 338 1980 1428 3140 167 3141 1485 60 1877 2380 70 1764 2984 1368 19
696 631 2549 70 2424 2588
644 2919 3104 2355 2898 1993 1911 1471 45 433 2632 2310 1764 2601 1048 986 604 2172 1715 37 19 2183 61 794
985 1762 2588 2601 2424
694 2590 443 191 1824 698 1214 1231 116 2588 1048 697 1785
243 1705 1312 1273 70 2424 2601
657 2947 3129 1007 1515 1043 176 1764 521 1048 1427 19 534 1292 2469
844 1094 524 595 154 669 2424 37 521 19 2172 1368 657
1380 1686 2588 2424
232 2619 121 1038 2535 2588 70 1764 697
52 1756 413 2024 2588 2601 37 1764 697
606 2243 780 1442 3041 785 3177 2588 2601 1172 1681
692 2561 2474 2424 2588 1427
742 1606 1363 1604 1870 2385 2130 155 1333 2371 505 2950 1365 1892 1403 17 2332 190 781 1632 2892 1121 2923 2900 2424 1048 38 1785 1171 37 604 1679 2658 2591 1172
1306 747 270 70 981
71 1182 2821 124 70 3059 2424 2172
40 2209 2591 902 795 5 1440 1238 70 2601 2424
527 292 484 922 1427 3240 2790 697 1988 38 1387
1276 2967 1179 2424 2601 521 697 1172 1048
362 2579 1777 1245 2424 1764 1427
174 2455 3095 569 2977 412 2466 617 70 981 984 1048
614 3197 2127 2368 1205 659 202 1679 2970 500 1427 697 794 1368 521 2461 37 1221 2186 219 604 2658 2469 299 2001
1045 2183 1711 70
50 628 1171 2588 1528 1048 2026 1764
1015 1209 2424
672 2744 1208 422 965 2629 807 822 823 1362 1693 869 204 2588 1368 701 1172 1168
505 1707 245 2049 2200 2098 967 70 19
1066 697 2588 2601
92 104 1801 69 1617 218 321 2356 560 955 2588 1048 2424 1685 2024 1221 697
346 2576 730 2485 2096 1614 3214 2794 527 1116 1364 2774 1282 1071 70 2424 2601 2243 1427 1048 19 1764
943 2920 2668 2041 1086 70
821 2588 70 2424
4 1802 2597 764 571 1994 2314 1961 3224 2938 1882 2588 984
494 1450 2272 2601 2424 1764
1143 1698 2282 70 2424 2601 1048
329 2422 1420 2757 2146 660 2596 2524 697 37 19 1171 3059 2188 2169
769 1228 1025 70 1764 521
665 1748 2456 2755 1914 519 2781 958 3233 83 2553 70 2424 2588 521 1168 1048
1258 735 2266 2354 70 3240 2424 1368 2658
1274 2148 1661 2601 70
1402 2465 126 70 1764 2424
785 142 814 2294 2622 1832 2080 1321 3 1807 1017 1881 1564 703 240 1796 1455 1953 238 1368 2601 2172 521 25 1528 3059 1221 2188 3239 219 2805
678 2235 70 38 2588
434 37 70
91 3205 2424 70
3 475 777 623 1821 439 128 3147 1745 1123 1203 70 2588 2172
498 3059 1309 1932 182 39 925 1706 984 1992 37 1681 38 697 1011 29 1172 521 662 202 981 2186 986 2183 1246
447 1251 2176 1202 1356 1369 1781 3029 1255 859 2601 1368 1764 1427 1048 986 19
809 998 1048 1172 521 1427 2809 1608
1021 2040 2896 393 2916 911 2503 962 1957 951 70 2424 2601 1171 2588 1427 2024 202
705 1697 2588 70 521
974 1941 3069 1939 70 1764
281 1112 2362 2686 2210 602 2784 2803 3004 1764 1427 2024 19 1246 38 3138 1526 105
111 672 2599 637 2443 2424 2601 794 697 2024
554 2719 1972 195 2955 168 50 1358 256 982 2284 697 2588 1368 1681 1048 2469 1528 2913
1367 598 1163 2601 2588 1764
877 2432 3047 278 2172 521 627 1156 1785
929 275 1692 2775 2434 355 1950 1764 981 697 1048 1171 19 794 662
235 1596 2022 2424 19 2588
270 1218 565 448 2893 70 2424 2790
1383 2963 2787 1552 2601 2424
99 1814 1494 1669 1301 2318 2198 1373 697 2843 1221 2574 1985 1785 1521 1047 2046 3138 2469 61 2207 618 2188
333 1651 3226 2538 2327 1400 2441 1654 1544 1641 1148 2588 2512 1764 981 3002
832 1413 2857 1833 1032 70 2424 1764 1673
1117 401 2258 2407 661 2424 697 219
463 61 1316 837 3078 1559 1430 2974 1850 2005 2984 2424 1764 521 1368 697 19
284 316 2359 37 1764 202 1427 1048 981 2790 2026 2967 3014 2658 1168
642 2984 70 2601
1067 798 2158 1039 2836 1572 2588 984 2424 1368 30
29 2683 2689 3091 2588 3245 1785
508 851 325 456 70 2588 1048 1764
1142 651 1261 2588 697 521 2658 1368 1427 1048
349 2423 521 1368 2469 1528 794 202 2809 3002
1158 523 70 2588
1253 2681 2245 2024 2601 2172 1504
944 974 2912 2797 2315 2107 3107 2588 70 2601 697 1764 2424
216 2363 2502 2424 2172 1152 697 1528 1764 1427 1368
1001 1887 3245 122 70 2601 2424
309 2412 1580 2424 697 521 1171 1540 3059
945 1649 117 521 2424 1048 2461
354 1090 1001 343 114 70 2588 2424 1764 2422 2991 1292
1308 2809 2588 2172 2024
70 532 23 1141 1846 1257 1712 1483 2868 1243 1764 2424 2024 70 2601 697 1171
1184 1742 120 2656 2424 202 1427 38 1985 963
295 592 329 2959 2588 70
218 701 3040 1308 3196 1871 981 521 202 701 2172 444 1172 3172 3240
1096 2508 1753 2424 1764 2601 1785
1062 1371 394 198 70 2588
1363 2874 364 593 2555 1181 1523 830 1916 933 894 2023 981 521 2469 19 1171 202 3150 1221 1454 2970 487 2144
162 649 2904 70 1427
480 138 1427 37 3138 1528 19 202
856 800 928 1229 2305 1183 2673 1099 2286 625 2601 1168 697 19 1543 1368 1171 1156 1221
501 2156 30 1823 6 1970 2178 3020 101 133 181 2424 2588 1764 981 202
545 1945 2617 724 521 219 1221 823 3059 1785
42 3169 1037 3206 1164 2876 421 2588 70
67 460 1634 2588 1427
83 3238 1737 2277 188 2677 2568 1620 2601 70 1528 1764
1396 1663 3135 821 2607 2878 2588 1762 1172 521 2469
603 194 1855 1619 1817 2424 697 1764 2601 1368 2024 1048 299 219 19 2172 521 1427 1309 1528
468 1947 473 1427 1764 1368 521 202
616 1215 2978 3189 2112 51 1672 2873 2058 2526 70 76 1764 1171 2588 1681 604 2601 2023 1168
818 229 2733 1014 1126 1826 740 2603 219 3150 1221 3093 37 2172 2546 1846 138 1153 3240 2048 981 2449 2060 3002 2461
834 738 3050 2588 70 2601
347 2052 1843 2057 1854 2588 70
372 552 70 2588 2424 1785
1070 559 2592 336 836 987 2702 2265 1089 2722 259 1935 1048 2024 2512 701 2279 1679 1528 487 734 794 3138 521 469 2026 2422 2023 222 2843
902 1521 2302 898 25 70 19 2601 3242
325 2792 706 2372 1242 199 756 1729 1259 2796 2066 896 37 1521 1681 1221 202 19 1368 2790 1559 2422 371 460 2843 2425 3138 2023
502 3035 2860 1098 2374 2588 2601 2424 1764 697 1368
166 1417 2015 461 1705 1368 2424 1048 1764 1681 1168
706 3083 2944 2307 590 2313 1857 441 428 2035 1103 472 353 2424 2588 3059 521 1246 1528 2512 219 2601 2172 2474
653 1860 2931 2529 2424 70 2601 2530
633 3116 2054 2588 70 2424 2601
302 2225 1285 378 3007 98 2424 70 1528
540 815 1611 400 733 1130 1755 533 1858 1717 2424 1764 984 981 3002 1642 521
238 2429 632 250 2295 12 2725 2742 86 1989 1196 70 37 2588 1368 1992 2601 1528 697
839 1078 2925 2861 2230 938 1990 1353 1764 299 1368 37 521 1172 713 2461 2172 747 2469 1397
1052 568 1738 1154 95 1685 697 1171 1764 202 1427
824 1176 466 346 3117 2587 2424 70 697
8 72 3213 868 605 2424 1764 2024 202 19 1048 1785 2026
1048 2390 931 1565 1578 1056 2767 1075 2233 1132 1626 1109 260 1493 688 1528 1992 1764 2469 2658 697 2024 19 1368 37 1167 2805 2815 1735
456 3241 2588 2424
1325 824 2588 2424 30 1048
287 1553 70
1037 2970 70
1077 298 1794 2891 2387 2865 70 2588 2601 1764 1681 2172
96 1235 697 1764 19 1427 3172
1350 1340 640 29 1946 2557 3077 1918 258 1621 2199 3101 70 2601 794 2658
1027 1930 1764 2424 2601 1427
1280 73 606 150 70 2601 697
553 1310 1629 286 2747 1475 70
1390 2841 2341 3187 583 3124 2378 1217 2348 2869 1554 1357 857 1607 963 1368 2424 3240 981 2024 219 1528 1785 1172 19 2843 1427 2026 794
656 1788 508 2588 521
1007 2458 2507 2424 1764 1368 219
476 1803 3034 2222 1770 3064 3202 379 693 1454 871 3232 873 1359 24 2566 306 498 2828 802 230 1806 2452 2131 653 164 1020 2562 227 1063 274 1886 3204 70 1152 2424 2512 984 1427 2843 1992
539 2927 963 678 970 3110 615 268 3027 697 70 1246 2588 2601 2024 2424 2978 1168
366 3227 2588 1171 604 1368
1273 2166 1111 2682 333 2731 500 1897 772 1959 2376 1416 2446 2788 1702 1638 981 70 2512
1087 2541 2140 1891 66 70 2424 202
1157 1106 220 59 70 219
1361 525 70 2588
880 2790 1387 2424 236 2469 794 1048
912 241 1144 2601 1681 1048 697 1528
1156 971 297 2046 70 521 1764
719 479 330 435 3115 2424 70
686 1518 786 492 3152 1093 252 1258 273 1583 37 1172 1679 1764 219 1156 2512 2913 2469 1171 613
740 2349 3011 2875 2071 1104 3032 2687 2240 2044 1666 1204 3164 2601 1368 794 1764 1048 697 1608 984 981 1427 662 1168 1985
1353 2973 2308 1474 1691 2439 2477 2264 2601 2424 1171 1368 3002
1075 2858 445 214 70 521 2424
274 3156 467 2430 2109 1716 1460 2398 3016 2094 2795 2588 1764 2424 521 2422 2601 19 1368
1298 520 1628 1665 889 2459 2588 2424 1785 2601 1221 1528 1764 521 2024
305 1342 173 2759 914 2424 70 2588
170 313 2317 687 981 37 1785 794 521 2077 2658
691 2312 302 1683 865 2724 2601 2588 2424 984 981 2024 37
134 2982 1928 1439 3131 2396 1070 662 2442 1406 2680 1441 2588 697 2424 2512 1172 1221 1764 19 1681 2967 1246 2591 2418 521 219 2026
1265 579 490 399 70 662 2588 1171 1368
90 1812 2522 3150 1685 447 3071 888 3170 2321 915 2424 427 2469 37 1756
1018 1073 2316 88 70 2588 37 2601
991 907 1852 1060 125 3188 932 2480 2601 2512 1681 2026 3172 1168
814 1541 2324 52 1118 2184 84 1221 2588 1681 2601 19 1368 685 219 2077 1152
186 16 1219 8 70 2601 2588
1111 2171 1816 357 131 1864 1360 1601 1768 1415 2068 70 2424 37
245 1194 2588 1368 2601
10 941 70 2588 2424 697
279 575 1425 1506 1162 1973 70 697
442 2145 2105 503 1299 697 521
214 2805 1473 708 2588 2172 2601 1427 521 19 1368 1764 1172
1036 856 2932 70 2424
182 1247 2100 2493 2424 1764
847 477 1648 2221 790 375 2588 984 2424 2601 1528 2512 2235
684 2602 2988 70 2424
1205 2536 587 3137 704 1317 70 2424
250 301 1562 655 347 132 43 979 183 3236 3058 2017 502 2559 282 2835 2588 2424 1221 1528 3240 219
794 2812 1764 1048 984 2601 2658 521 2024 2172 202 1368 981 38
483 626 809 2424 1048 1764 19 2601 2024 1735 521 986 697
695 2081 2967 1764 2024
194 2018 1368 697 2809 1427 1172
816 1184 1967 1368 1715 1528 3002 2449 2809 1172
407 2461 1630 2601 2424 70 2588
679 139 2601 2026 2809 1048 1764
984 744 335 876 1366 722 1300 697 2172 19 1156 1528 981 521 789 794 38
968 1662 906 1149 1529 2737 2025 1636 26 184 1280 1566 766 1986 2512 70 2172 1764 1427
57 2226 1671 1837 806 158 2813 2342 853 77 2761 1549 1734 1525 773 2827 1851 367 1374 2720 1952 70
1105 719 1263 70 2588
1084 677 2672 2453 685 1119 1239 1900 3044 3180 2424 1627 2588 2601 2172 1168 1368 613 1681 19 697 37 1427 487
846 1540 144 2425 2625 2424 2588 2512 19
451 1388 44 70 2790
269 858 1597 2478 2588 2601 1048 2512
122 11 2820 2550 1004 2601 1681 1221 1427 2024 1171
638 3144 2662 2669 376 2758 1700 370 2006 70 2601 2588 202
787 1453 2601 2588 70
328 1668 1761 70 2424
1300 1015 1735 2975 995 2424 70 2588
583 2921 2424 1764 70 2601
709 562 2601 2424 794
1219 726 1569 2609 62 70 2424 2172 1168
734 630 829 2588 70
217 2583 1497 455 70 2588 2424
631 2223 291 1703 2410 2601 1681 521 1764 37 1785 794 19 202
172 2069 2962 759 627 909 2464 362 2325 3244 327 2979 546 2618 1200 2020 2588 2601 2172 1528 1785 1681 19 3059 1427 37 1152 1048 697
515 1556 1277 2748 3191 3112 216 135 1820 2377 1841 411 2872 577 2220 2601 70 2424 1427 1048
392 1798 2588 70 2024 2424 2601
802 2350 960 2373 2120 2239 70 1681 521 697 2601
342 1853 2045 2658 2588 604
979 1527 1421 1482 1574 70 2588 2601 2424
651 767 1722 1048 2024 2601 37 2172 1764 1133 1368 38
1119 1659 491 2588 2424
764 2843 436 792 2601 2588 697 1764
263 1135 474 624 1449 2588 1368 219 1048
1214 1140 681 2842 1505 1361 2639 2588 2601 1764 521 1368 697
535 2822 2698 70 1764
48 2157 2232 2270 1978 1347 2710 2162 1872 2588 2601 1168 1172 1246 1427
459 2721 3240 311 1519 406 1296 1292 200 1386 458 1330 493 2152 2588 70 2424 1168 19
151 614 2424 70 2601
911 1593 70
1100 1979 797 215 1380 964 828 912 2515 542 684 3097 1221 2424 604 2026 1681 1427 2449 25
1068 1610 358 1232 638 31 3053 2870 2236 1404 70 2172
314 1763 1844 1678 2448 1436 2679 1963 3195 2438 2997 2050 789 70 19
867 1599 1496 1120 2674 1077 2034 2770 2072 2819 3182 1328 1368 1764 2172 2601 1048 981 202 219 3172 697 1427 2449 2658 1992
378 169 2601 521 3242 2077
18 2810 1271 1016 2473 1495 1510 1681 2424 2913 1048 1764 1540 2235 19 1368 2026
555 1673 185 70 2588 1427 2424 2601
861 2191 886 1557 2024 2601 697 1048 1368
728 3090 1197 2601 2588 2424 1368
458 663 1919 3190 2290 317 2588 70 2024 2978 2172
640 2882 2986 1646 1368 219 1048 2024 521 1785 1172 3240 1221
473 1082 136 2588 2024 2469
1379 1793 1490 2886 808 2172 1427 2023 2912 794 2658 2790 618
72 3037 2126 895 818 1623 2488 149 1019 2830 1368 1427 219 984 1171 2031 2169 2182 1608 1540 1992 1985 19 1667 2790 2077 2975 794 2546
1171 2942 2256 2967 219 1764 2424 2601 1048
1338 591 70
493 2695 2309 70 2588
1365 877 2570 70 2424 2588
767 2472 70 2424
1109 2825 2588 2601
799 755 2769 1467 1674 1394 374 2138 70 2601 1764 1368 1992
1222 1268 935 760 100 1153 430 1113 3065 2181 1410 999 1074 1756 2172 1172 2984 2512 1528 697 1026 1368 1563 1992 1246 2191 19 2575 2183 2790 25 1171 1012 2469 1501 1292 1781 2913
336 580 1283 1102 2424 1764 299 2601 697 2449 3065 521
1166 1532 1962 109 2043 2329 1960 1561 70 1156 2588
900 1035 1863 414 1468 2395 1757 478 1955 70 2588 2424 19 1785 1221 2601
510 691 2707 2344 610 70 1427 2024
916 564 463 2420 2884 496 959 2400 1876 112 2509 665 2079 372 486 481 70 984 2588 2424 1368
851 1448 1354 2167 1810 903 1341 2174 1185 512 2424 1528 1764 19 202 1172 2658 981 2984
1226 2491 70
738 2070 1327 239 1147 2399 3054 2038 70 2424 2601 2588 1681 1048 1427
889 1378 908 1759 90 2768 70 38 697
482 1298 2588 2601 2172
765 1167 2424 1764 2913 2809 2023
322 2575 2684 1195 1811 2468 1220 1764 2601 1172 1048 701 1427
817 2011 879 1815 1305 2053 2192 557 981 356 2424 613 2172 1764 1368 1427 2024 2843 1681 1679
703 1772 892 690 2601 1764 37 2422 521 1246
41 2164 70
116 1418 70 2588
804 647 2699 897 819 70
1043 3209 848 2424 2588
1315 1660 2084 2771 778 2588 1764 2024
184 15 3240 1048 2024 3172 521
435 2800 3203 2601 1764 1048 1427 697
641 2056 2534 1220 2700 1758 701 2424 1168 1368 1681 299 981 1171
563 1159 232 2249 2588 2601 2424 697
1201 3073 127 70 2424 1764
1217 1393 2542 2060 2026 2601 1172 1528 219
1128 2670 459 831 2887 2816 2601 2534 1368 2024 1681 219
827 3239 1547 70 2601 2424 1048 2588
1360 3160 2424 2601
1089 1925 2588 70
1310 1500 1397 70 2588
1224 1545 2849 2007 70 697
1144 1804 3001 2414 1964 3096 697 2588 1427 1048 2984 1368 1246 219
1336 1372 2135 2454 1681 1764 19 789
996 2646 1137 1896 658 70 2601 697
1138 71 2854 603 55 1064 3151 2512 1528 1764 697 2014 1627 986
352 582 415 2585 2424 1764 1368 2024 30 202
466 425 3042 2424 2601
266 1351 2093 862 1901 1966 2411 2172 2424 1528 2024 2023 1048 1168 299
9 2990 1996 517 2601 70 2588
189 2394 2601 70 2424 1764 2790
315 810 1028 2548 1160 2588 2601 2424 1681 1048
1267 2151 2659 36 78 2424 70 2588 2172 2601 2984
790 1289 1868 2717 160 340 2026 19 1172 2172 3002 794 1515 1368 604 963 2469 2790 3150
409 1679 1715 530 440 2424 2601 19 1427
163 2211 2024 1368 1764 1048 1221
19 2297 770 2083 2901 1764 1368 1427 521 1171 1048
105 1721 2099 2320 1829 1368 1559 2512 1048 1427 1171 2172 1221 2230 2658 2169 1753
348 3215 1011 300 1368 2424 2790 1048 2024 1221 1681
1355 3002 70 2588
888 1528 437 2601 37 2026
1403 2104 1684 2165 70 2588 1048 2469
306 2186 2424 2601
412 2991 70
59 534 2424 2588 1764
237 1608 2424 1764 2601
126 35 872 518 3015 761 2588 2658 1168
1391 1598 574 156 2134 3106 70 2588 1368
652 1392 3008 283 70 2588 1764
569 1435 1575 555 2032 70 2601 697
244 2578 506 2353 2047 1068 2137 70 1764 37
793 197 1031 70 2588 697 1048
1000 2224 2424 1764
836 305 2 1550 1867 697 2588 2172 2424 202 1048 2024
1269 749 2716 860 1958 2424 1427 1510 1681 2815 19 37 1171
671 2711 70 2601 1764
340 20 3075 70
841 2889 1171 1744 586 70 2424 1048 2601 1368 1221
993 3126 236 763 1368 2024 1048 202 1221 2182 19 1168 37 2172 2843 713
124 208 93 70 2588 1048
137 226 1731 881 910 1171 2601 1681 2546 2469 219
995 2269 521 2658 711 1785 37
571 3000 2709 418 1293 1331 70 2588 2424 2601
387 702 2182 310 70 1528 697 1681
149 2750 3114 2588 2024 19 1764 2601 1427 697 37 38 2809
1118 1713 2601 2595 2014 3003 49 2588 2601 1764
1257 431 2658 1048
797 3166 2906 2850 953 70
179 2877 1096 1030 1408 3223 2504 1790 2424 2601 2588 3142 1368 2435 2820
25 2814 1339 70 2601 2424 2588
6 3085 3021 70
953 1100 2382 1318 1040 1329 2588 521 2601 1427 1764 1765 794
1136 1122 2956 2789 1754 2424 1368 521 37
669 2141 2601 521 2588 1785 1048
114 927 3122 2424 1764 521 2601 2077
702 1535 405 3022 2253 2440 70 1764 2588 37 1048 981
171 2763 3005 2424 1427 1764 1221 1368
31 1377 2525 2424 1026 521 1246 2790
437 978 3076 1956 1589 70 2588 219 1764 2601
249 2653 833 1769 2213 2937 1146 70 2024 2424 1368
1044 2899 2460 70 2424 1681
1406 2593 2939 2867 1498 1681 25 37 1427 1785 963 219 2541
307 1391 1489 2136 1222 1244 1290 2569 918 1934 27 70
288 3175 2424 1368 2024 3150 2658 2026
541 2611 1462 728 2936 2358 3222 2039 528 913 2903 2424 2588 1368 1172
406 2712 2616 1720 70 1764 697
1033 834 427 1266 2110 839 70 2512 1827 697
724 94 2943 1653 741 2298 2588 697 1246 1048 2172 1172
1198 409 573 1640 2588 70 1681 2601 202
396 1466 1587 2424 697 219 1764 1048 2172
605 2469 70
472 1314 608 2180 1190 348 70 2601
796 1602 1062 453 2391 2980 2424 1368 2601 1048 1427
331 2799 2760 2067 70 1764 2601
951 2337 1624 381 2114 976 1533 2013 1172 37 1528 3059 963 2422 2417 1133
457 1689 1142 929 70 2588 2601 1528
522 558 70
118 1642 1084 2601 70 2424
519 192 1866 70
1302 1884 847 2839 1396 70
965 14 1789 115 2424 70 1221 37 3025
1229 3089 793 944 2431 70 2601 2424
744 1447 2630 2172 25 981 701 1764 2449 2658 1427 1681 521
875 162 3157 2242 1087 3134 2381 2433 2055 993 2730 2634 1221 2512 1368 2024 697 2539 19 794 3242 2790 236
335 3161 3155 70
7 2250 46 70
632 621 1563 1248 3088 1581 2424 618 1681 1427 695 1992
675 1138 731 3087 210 111 1912 2179 1862 1906 3183 70 2424 2172 1764 1681 697
103 2033 2336 1938 70 2588 1048 1764
1256 3103 2546 2424 2658 1528 1427 25 37 1608 713 1048 2820 2546
639 307 639 70 2424
870 504 2340 966 70 2601
815 1407 1704 1484 1613 2552 248 643 3086 2995 1656 1027 2693 697 2424 2601 981 1246 219 2024 1156 1528
1392 2846 1570 2588 1368 1048 521
1150 642 3200 70 1048 2424 2588
593 1381 148 641 70 391 2601
36 2384 2276 680 2246 219 1992 1764 697 3240 521 1171 17 30 1292 1215 1172 3002 25
453 1917 1927 211 2467 70
1038 2832 2588
191 410 2283 1272 2601 70 2588
622 1276 262 1201 70 2588
485 1127 2588
1161 366 2588 2024 1048 1764
525 1940 2765 846 1920 1409 2445 2369 56 2588 1048 1500 202 2843
260 3010 233 2588 2601
1160 1370 543 2601 2843 2588 1048 963
1351 432 1438 2752 2704 2095 622 70
449 2862 3148 1548 1675 1108 746 765 2512 2023 2172 1681 2188 219
772 1600 3036 454 2636 70 2424 1427 1764 2588 697
1076 522 70 2588
1330 223 2601 2588 697 2424 1764
758 2946 1427 2024 38 1368 521 19 219 3002
127 2735 2848 70 2601 2588 2424
1389 1929 1443 318 2588 697
1279 2248 2571 3060 70
280 294 2588 697 2601
21 1968 389 1736 3120 2601 1528 2024 1427 2984 37 2575 2398 2141 3059 2026 604 2991 2422
854 314 2424 697
381 2203 2519 2379 2237 1799 2090 2588 1764 1048 2024 2601 1681 2172 2026 981
858 1080 2231 3066 70 2424 1048 1764
637 1010 3048 3127 952 177 368 1048 1156 604 30 2026 2984 1685 794 2023 2230 124 2843
1285 1008 1879 1680 1976 1097 752 70 1764 19 37 973 1048 1427
203 611 1288 1725 3174 3184 697 70 2424 1427 2601 1048 202
142 2470 926 99 2741 1323 2734 2424 2588 1764 1427 2024 697 2172
187 616 373 1465 1212 1658 1302 70 2588
547 2476 70 2601 1764
255 2304 2424 697 2024 794
567 885 1424 2894 2890 2780 650 403 2424 1368 697 1765 2658
1113 2383 70 2601 521
299 1652 2793 110 2588 2512 697
990 1730 70 2588 2601
256 1514 2113 497 462 1260 70 219 1368
1311 2539 2247 1509 1579 143 1375 2954 1764 2601 1026 2172 1368 981 2449 697 219 3172 604
1164 285 656 2650 2971 612 70 1764 2424 2588 1246 2825
957 2322 251 535 754 1143 1762 2424 984
670 1849 2424 2588 2601 1048 25
439 153 878 70 2588 2172
893 714 70
373 3099 743 2588 2424 202 2601 1427
1243 3093 70 2601 2588
574 276 70 2588
1377 1943 2424
1176 178 2214 1511 465 70 2588 2424 1764 2601
964 2125 70 2588
422 2818 1551 1577 1124 1622 495 725 70 697 19 2424 1681
251 1894 70
1239 2319 1688 2897 2424 2469 1048 2790 19 1427 521
146 1053 2706 2078 2190 2424 202 1992 30 3242
60 2449 70 521
1281 1780 2065 2424 70 2601
496 1913 2303 70 1764 2588 2601
68 2660 354 2424 2588 2024 2461 1256 1048 1764
967 299 1303 383 2101 2749 803 697 2601 1368 2235 202 1985
923 196 70 2424 2601
1060 939 70 2424
1376 654 70 1764 2424 2601 2588
806 946 2902 2424 2601 1171 202 219
461 1965 1696 1764 2601 1427 25 1172 2172 19 521 789
239 789 521 219 1171 202 1427 2001
233 2215 1681 794 521 3059 697 2469 202 19
82 536 2844 70 1764 697 1681
1318 205 1808 2926 429 566 2601 70 2424 1048
989 3098 1764 2967 1368 1171 2843 1785 1168
418 2436 1681 2024 973 697 2984 1427 1528 202
1381 1838 1778 775 2880 2601 2588 2512 1221 19 521
1035 1224 2601 37 1427
470 2168 2588 697 2424
1125 3230 70 2424
394 811 2516 1047 2424 70 2601 1047
1099 997 2588 70
683 1625 3109 70 2588
252 916 671 70 1785 1368
680 541 70 2588 2601 2424
1177 954 1165 1081 2601 1764 3025 2588 1528 2422 697 1221 1368 2449 3242
1145 1695 3139 0 986 1281 70 2588 2601 1048
859 1221 70 2588
1028 2001 3025 1501 70 2588 2601
500 2486 567 70 2588 2424 2601
1207 1951 2406 70 2024 1764
825 1728 3074 396 2626 2588 2601 1048 1427 37 2172 1785 2809 697
69 2764 697 1764 2422 1221 219 3014
384 1644 2651 70 2424 2024
1254 64 2510 1444 2117 3063 1987 2028 2601 521 1221 219 1764 19
592 272 2998 2915 113 70 2588 2424 2601
1242 3178 2783 1718 499 2601 2424 1368 2024 219 202
986 1306 3081 2785 50 3172 2469 794 3059 1152
546 2824 2601 1171 1292 202 410 2172
735 2910 22 1909 2558 3038 652 2123 729 2424 2601 2843 1563 1171
781 501 514 2367 607 633 1828 2338 2424 2512 697 1764 2183
139 438 246 92 1586 2817 2424 697 1172 2601 1427 1764 521 984
259 279 884 3113 513 3154 70 521 202 697 1368 1048
872 2628 2408 1003 2037 2957 2424 697 2601
920 636 988 247 70 1764 2588
828 41 70 1427 2601
819 1582 3185 521 2077 1368 1427 2913 202
1233 3061 2601
1236 3031 2588 2601 1368
294 2565 419 2292 3059 2424 1172 2449 2595 697 2658
947 1307 70 2424 2601
980 727 2424 1368
739 1058 794 981 202 1992 2913 219 2422 1172 2001
1115 762 1779 2588 604 2424 1368
330 263 47 2601 1785 2424
474 768 2024 2422 2913 1368 1427 2469 1992 1156
589 42 70 2588 1292 697 1427
223 1647 2588 70
701 1446 2601 70 219 2424
264 2482 1267 2691 1383 1057 1546 2601 1156 1681 2207 1368 202 1221 697 2461 3166 1528 1608
357 2216 70 2424
161 1367 2409 426 2598 554 70 2424 2588 2601 984
296 2418 387 2658 2588 37 2172
604 1459 1971 70 1528
1130 2694 2581 1036 19 2601
490 2837 70 2601 1528
1341 2121 2424 1764 2588
905 782 70 2588 1764
942 1664 70 2424 2588
1230 1253 2424 70
13 2244 70 2588
1398 870 2424 1992 1048 1764
748 1207 70
908 2238 3219 70 2424 2601
430 594 2424 2588 1368
588 1890 2567 70
1334 2930 1279 712 2863 2424 1368 1427 1528
924 2042 2981 2746 2641 2588 2424 1764 2601 1156 1368
16 1526 70
383 108 2637 827 697 521 1681 789 37 1679 986 1427 1026 2026 2461 1246
64 1210 682 2588 1764 963 1048 986 1427 1309 2822 697 1500
17 1269 70
277 2564 404 70 2588 1764
658 1677 1173 840 70
177 1139 732 2193 2252 2588 1764
577 1117 2806 3173 2086 1431 2424 70 2588 2601 981 19
1304 1423 2159 254 2415 1437 2601 604 1785 1368
1153 1250 2021 70 2424 1171 2601
276 2204 2588 70
1247 1110 2499 799 2692 1573 1368 2424 19 1427 1764
145 841 2424 2601 1048 1528
219 2642 4 476 70 1764 2588
1278 2505 2000 1051 1944 1477 1764 1681 1171 25 1168 1528 2805 1990 2970
615 2301 1313 70 2588 2424
1210 1667 1368
838 2582 2330 1478 826 1350 2601 2588 1368 1764 2722 697 2658
768 1463 942 1508 2601 2588 2424 1764
1331 175 1899 3046 352 2705 2424 70 2601
864 1049 1476 452 2588 2424 1785 2601
135 151 969 750 1 2708 2523 2588 2512 2601 2984 37
956 2106 1376 3143 2663 2275 2952 1847 1338 2345 1836 206 2274 2588 1785 2424 1681
1339 531 1066 1694 2588 2601 1048 219 1172
966 1670 2840 224 2855 697 2601 1368 1133 19
1154 2062 2808 2260 70 2601 2424 697 1528
432 2652 3168 70
128 3193 1158 2475 3105 1536 2588 70
398 2987 3234 3221 70 1368 1048 2809
377 105 2776 2588 70
1202 1152 70 2424
587 2393 2801 2588 2424 697 1171
981 1145 845 2966 2588 984 202 30 1427
1307 2537 2087 2984 1048 2424 1427
1050 620 1401 3043 457 70 2588 1048 1764
416 1006 1048 1764 1368
1208 1924 1834 70 1764
318 2463 3225 70 2588 2512
1292 540 70 2424
236 2621 2601 2588 1427 1368 1681
579 1538 2588 2424 2601 202
543 75 1764 1171
393 1226 342 70 2588 2424
548 589 2424 2588 697 2601
676 1246 1429 2588 2424 1246
154 74 1230 70 2172 1764 2588
1234 2924 2753 934 2802 936 2588 1764 1785
155 207 70 37
1270 2623 1605 70 2424 2601
1059 1348 864 1379 1048 613 521 37 1368 1427 697 2820 2024
536 1136 70 2588
1047 3118 2738 2424 1368 1681 521
883 2196 2424
891 2092 3207 2073 2969 2234 2852 70 1246 2601 1368
562 1923 880 2838 2588 2912 2601 2424 3240 1048 521
444 1101 2601 1764
308 1639 70 2588 2024
687 2530 70 2424 697 2601 2469
301 561 2588 2424
977 645 921 2601 19 521 2024 1427 1292 1368 219 1992
28 1895 70
897 2540 1050 2588 2424
1191 835 1325 2424 1764
94 2285 134 549 70 2588 1171
909 905 70 2588
618 1524 1682 2614 1107 3033 2601 1048 1764 2424 734 1427 202
30 1766 70 2424 2588 2601
226 2281 293 107 2024 2601 2588 1764 1427
1324 3218 70
910 480 70 2424 604
1005 203 2588 1427 2424
722 1023 70 2172 521
848 1775 742 70
326 1603 70 1681 1764
1073 2219 697 2601 2424 2588
1114 1782 957 70 2024 2588 697 1048
1012 312 920 468 2545 37 521 202 1368 1764 219 2172
211 3165 2424 1048 1679 521 1992
414 1590 2424 2588 70 1048
634 63 1687 1999 395 2640 1213 1764 521 721 2809 1427 2469 1172 3172 2279 961
1289 390 2777 70 2588
32 584 70 2424
720 103 221 1029 3028 697 37 1681 51 2024 3138 202 2026 25 19
1337 2638 1835 2208 1922 2588 2424 1427
914 2521 2905 70 2424 2601
636 464 1368 2601 1764 521
454 1294 70
1260 1175 683 1992 2601 2024 1427 2541
74 601 996 1295 2195 1840 70 1048
58 1326 2728 1419 2424 2601 1048 2172 1427 697
1083 2257 882 2588 662 697 1168 2422
1085 349 3100 2424 37 2588 2601 3172 521
611 1805 2588 1171 2601 2172 1221 19 1681
1152 1907 18 3052 1464 825 70 2424 1681 2601
801 2427 3142 70 2601 2588 2424 1764
612 1225 2588 2424 2172
1370 186 2588 70
104 253 2584 145 70 2588 1427 2424 2601
426 2612 1223 2588 1681 2601 697
1327 2267 2588 70
467 337 2401 1749 2918 70 2424 1764 697
1078 2375 2194 2424 2588 697 1764 1427 19
1206 3024 2241 70
1123 2366 2588
431 3094 70
1137 670 2357 2163 2024 697 37 2048 1684 2973 1985 789 30
285 1457 1048 2588 2601 2023 2024 25
1185 3167 2588 70
196 2370 1616 1044 1981 2424 1500 1427 521 1048
234 482 2424 1764 521 1171
271 937 2588 2601 1764
1181 1503 2352 1297 3130 70 2424 2601 521 460
835 2635 2807 1157 2588 2601
1141 2574 315 2201 70 2424 1764
316 2941 140 1368 984 1221 1048 1785 1528 138 1427
44 2829 70 2588 2424
212 33 70 1048 697 2424
1203 1432 70 1764
159 7 2424 70 2588
1093 68 2601 1427 2424 697
664 2594 2601 1764
534 82 2588 2601
1180 600 2513 70 2588 1764 2601
56 1542 2588 70 2424
1194 40 70
833 1591 70
120 2948 1933 70 2601
1072 2589 2588 697 2601 2172 2591 1427
526 1618 2424 2601 1764 1427
792 2772 70 2588 1368
627 699 2664 1512 2601 1048 697 3025
39 2922 70
550 3051 1714 1739 37 70 2424 2172 1764 2601
338 1750 3243 70
1333 1385 70
80 2945 2601 2424
721 2762 2091 70 2588
1329 1568 2972 2773 3212 2031 2424 697 19 1785 1681 37 2172
892 556 548 2128 2588 2512 2424 1048 1427 1368
344 1414 1567 70
711 2089 2588 70 2424
1245 2255 1461 2424 202 1368
391 1861 70 2601 2588 1764
358 3136 2601 1764 2424 2024 2658
382 1091 70 2588
715 1974 2347 1198 2036 70 37 19 2658 219
1227 816 2601 521 1048
904 1286 70 2601
1129 1931 70 2588
1179 961 70 697 2172 1048 2424 2024
1297 1241 70
491 2928 2601 2424 1368 1427
754 2831 2351 70 2601
88 1046 3237 748 2588 2024 2424
1382 1254 420 2675 2426 70 1764 2601
261 992 2588
733 2306 2601 70
927 796 2588 2172
499 244 2496 70
1199 209 1631 2424 2588 2601 1785
54 2437 2424 2172 2024
248 2471 887 442 2820 521 1764 697 2169 202 1048 2591 1171 794
55 537 2601 2424 202
773 2479 2424
1397 2911 70
585 2533 70 219 2588
561 2132 1368 2424 2601
532 1773 70 2588
630 2732 1859 234 2512 2820 1368 2228
506 309 70 1427
390 1555 70 2588 2424
1373 13 70 2424 2172 2601
673 2331 2866 2601 70 2424
273 2649 2647 794 2469 202 3025 1221
741 3181 70 2588
61 1033 70
743 1905 1908 2424 70
730 1088 2601 1752 2024 3150
992 2311 70 1764
66 2457 2588 2658 2601
1094 1848 1751 70 2588 2424 2601
576 2864 2424 1764
789 1645 2754 1764 1368 2424
537 673 2424
1305 2554 2588 70
386 2739 70 2424
1303 402 2424
935 940 2620 2343 697 2601 1764 219 1427
1178 994 70
228 58 2588 70 2601 2424
662 723 70 2424 2601
73 1747 1048 202 1764 2588 2424
1095 417 2671 1427 521 2601 2024 1528 2461 19 1368 1715
597 1517 70 2469 2424
199 2498 2601 521 1048
78 119 1764 2424 1048
79 1537 2588
884 1784 70 2588 1427
213 618 397 1048 1764 2024 2424 2601 697 1427 521
737 1237 1319 70 2424
417 118 2601 2424
84 776 2588 2024
810 1530 290 159 407 3162 2601 697 1992 1048 794 789
89 2102 2601 1048 19 1764
963 686 2601 2588
885 494 70 2588
681 2643 2588 2601 697
385 2600 2424 1764 1168
514 2149 521 1368 2658 2809
1121 1588 70 2658 2588 1368
1174 850 2263 70 2424 2024
1030 1991 2588 70 1387
1313 3132 2424 697 2172 1764 3242
1155 1169 2444 2424 70 1681 1764
112 3055 38 697
667 1558 70 2424 1171
1186 1878 450 70 2424 794 1764
291 1287 2424
982 1813 70 1048 2424 1427
756 1115 70 1764
853 3067 2511 697 981 3242 1427 1785 1992 2172 2658
766 1676 1764 1368 2601 1048 2424
1200 1516 2601 697 1785
783 1481 70 2601 2424 2588 521
460 344 1427 219
1290 774 70
272 2170 70
158 213 2601 70
784 2271 70
879 2853 2487 3009 1265 70 1764 2601 2588
1132 398 70 1764 2172
941 174 70 2424 2588
1182 2413 2424 219
1321 2333 70 2424
1098 57 345 70
1135 91 1615 1681 1368 2658
190 1275 2424 1764 2588
551 2999 219 1368 521 2024 202 19
1097 2879 2424 2601 1048 1427 2172
826 2851 219 2805 391 38 25 3002
224 710 2756 70
415 2064 2723 2588 2601 2424
221 2074 70
225 1534 2601 2588 2024 1785 1048 1681 697 1156
369 1869 2024 697 1048 2658 1528 1368 2987
1041 689 2601 1764 2512 2424 1368 789 2843 2001 973
1126 228 2424 70 1048
1261 152 70 2424
704 1839 2588 697
714 1746 70 2588
759 545 70
808 1252 2588 70 2424
1259 1249 2424 1764 1048
1011 1741 70 2424
1216 679 2588 2424
1244 2501 70 2588 2658
1277 1262 70 2601
1332 180 1764 2601 1368
1408 753 2588 521 2601 1681 255 1168 1171 1246
2 70 1764 2588
5 2588
12 70
14 697 2601 2424
15 2601 2424
20 2588 2424
22 2424
23 70 2588
26 697 1048
27 2588
33 2601 1681 521 697 1168 1368 1501
35 2601 1368 2424 1764
37 2588 70 2424 2601
38 70
45 70
49 1368 2424 981 1785 202
51 70
53 2588
62 1048 2424 1764 19
65 2601 70
75 2588
76 2424 1764 1368 2172 37
77 70
81 2424 697
85 2588 2424 2024
86 2424 2588
87 1427
93 70
100 70
101 70
106 2024 2424 2588
108 2588
109 2588 2172
110 70
115 2424
117 70 2588 1427
119 2588 70 521
121 2588 1764
123 70
125 70 2588 2424
129 2588 2172 2424
130 2424 1427
131 981 1764 2026 1156 2172 30
132 70
133 2424 697 2601 1368
136 1368 1048 2588
140 70 2424 2601
141 70
143 70
144 70 2588
147 70
148 70 2424
150 70 1427
152 70 2424
153 70
156 2588 70
157 2588
160 70
164 70
167 2588
169 70
175 70 2588
176 2424 2588 1679 2469 1368
178 2588 2601 2424 794
183 70
185 697
188 2601
192 2424 1048 1764 2172
193 70 2588
195 70
197 2601 697 1171 1368 521
198 2588
201 70 2601
205 1764 2601
206 70
207 3025 2424 2601 521
209 2424
220 2588 2424 1048 1368
222 70
229 2588 2424
231 2172 697
241 2601 2424
242 70 2588 2026
253 70 2601 2424
254 70 2424
257 1764 2601 1368
258 2424 2588
262 70
265 70 1764 2588
267 2588
275 202 1764 697
278 70
282 70 2601
283 70
286 70
289 2601 521 1048 19 1368 697
290 70
292 70 2588
293 2588 70
298 2424 2601
300 2588 2024 2424
303 70 2588
304 2601 1048 2424 1764 697
310 70
311 70
312 70
313 1764 697
317 70 2588 2424
319 70
320 70
321 1221 2424 70
323 1048 1368 2172
324 1785 19 2172 1735
327 70 1048
332 2588 70 2601 1764
337 2588 2424
339 70 1427 2601
341 2588 2424
343 1764 70 2588
345 1368 2424
350 2424 2588 2601
353 70
355 70 2588 2601
356 70 2424
359 70 697
360 70 2588
363 2601 1368
365 2424 1171 1764 2172 2913
367 70 2588
368 2601 2588 2424
371 2424 2172 25 1168 1427 2591
374 2424 2601 1048 19
376 2588 70 2424
379 2601 1048 2424 2279 1681 2658
380 70
388 2424
395 2424 2588 1427
399 2424 697
400 70
401 521 697 202 1427 1246
402 1048 1528
403 2588 1764 697 2461
405 1368 697 1785
408 70
410 70 2424
411 1368 1427 2228 1528 1992 794
413 2424 1368 1427
420 2588 1764
421 70 1368
423 70
424 70 1368 2588
425 2588 2601 2424 19
427 70
428 219 2424 2601 1681
429 2424 1764
438 70
440 70 202 2588
441 70
443 70 2588
445 2588 2024
446 2588 70 2424
448 70
450 2424 2601
452 2424 2588
455 70 2601
462 2601 2424 70
464 2424
469 2424 2588 70 219 697 2601
471 1764 2588 2424 701 697
475 2588 2424 3172 2601
477 70 2588
478 2601
479 70
481 70 219 2024
484 70 1427
486 2588 2424
488 70 2588
492 70 2588
495 70
497 2172 70
503 70
507 70 2601 2588
509 70 1764 2601
512 2601 70 2588
513 697
516 70
517 2424 2588 202 1368
518 70
520 70
523 2588 70
524 70 2424 2588
528 521 1785 1427
531 70 2424
533 1764 697 2424 1368
538 219 2424
542 2424 70
544 2424 2601 1764 697
552 697 2601 2843 1764 521
558 2588 2424 19
559 521 219
560 70 2588 2601
564 1048 2588 2424 697 2601 2024
565 70
568 1764 1427 3172 2172 1368 604
570 604 2424 19 1048
573 70 1048 2424
575 1764 2601
578 2424 2588 1368 2469
580 2588 2424
581 70
582 1764 2588
584 70 2601 2790
590 70
591 70 2588
594 2588 1427 2469
595 2024 2588 19
598 70 2424 202 697
599 70 2588
600 2424 1171 697 1715 1253
607 70
609 2424
613 70 2588
617 70 2601 1172
620 1048 70
621 2588 70 1368
624 1427 521 1785
626 202 2588 2424
628 2424 1427 697
629 70 2424
643 2601 1785
645 1048 2424 2601
646 2588 70
647 70 2601
648 2024 2601 2424 2658
650 70
654 2588 219 604 697
655 70 2588 2601
659 2588 2424 70
661 2588 2601
663 70
666 2424 1528 697 2172 1048
677 1427 202 521
682 2424 2588 219 1679 2601 1681
685 70
688 70
689 70
690 1764 2424
693 2588
698 2424 2172
700 1048 697 1368
707 2588 70
708 70 2588
710 2601
712 2588
713 70
716 2601 2424
717 70
723 70
725 70
726 70 2588 2424 2601 202
727 70
729 2588 70 1764 2424
731 2588 1048
732 70
736 2601 2424 1368 19
745 70
747 70 2588
749 70 2424
750 2424 19 981 697
751 2588 981 2424 2024
752 70 2588
755 2424 2588
760 2172 2601 1764
761 2588 2424 2172
762 70 2424
763 2601 2588
770 2588 70
771 2601 2424 1368
774 1764 2588
776 2424 219
777 2424 2601 70 2588
779 2424 1764
780 2601 697 794
782 2601 2424
786 2424 1048 1368
788 70 2588
795 70
798 1368 521 1172
800 1764 697
803 70 2601
805 70 1764 2601
811 70 2588
820 1764 1048 697
822 2588 2424 2601 521
829 70 1764 3240 2588 2424
830 2588 2172
831 2601 2424
840 1368 2424 2601
842 70
843 202 70
845 70
850 2172 2601 2424
855 2588
857 70
860 70
862 2424
863 2588 70 2424
865 1048 794 1764 521 697 1427 1133 1679
866 70 2588
868 70 2588
869 70
871 2424 70
874 70
878 70 2424 1785
881 70 2601
882 70 2601
886 70
894 70 2588
895 2424 1764 2601 2024
896 1764 2601
899 2424 1764 1368
901 1427 1368 19
903 697 2424
906 70
907 1368 2588 70
915 2424 1764 1368
917 521 2172 697
918 521 2809 2024 1156
919 70 2601 2588
922 70 2588
926 2588
928 1368 2424 1764 2601
930 1764 2588 70
932 2588 2601
933 1427 19 487 794 2469
934 70 2424 1048
936 70 2424 2601
937 70 2424
938 2424 2588 794
940 70 2424
946 2601 2588
948 70
950 2424
952 70 2461 2424
955 2424 1048
958 2588 2424
959 70 2588 1681 2172
961 70 2588
962 2424 981 2601
970 70
971 1764 2424
972 1048 2243 1368 1785
975 70
976 70 2424 2601
978 70 2588
983 2588 2424
987 70 2588
988 2424 2601 37
994 2424 521 697
997 2424
998 70
999 2601 3150 3172 1368 1427 1681 521
1002 2588 70
1004 2424 1785
1006 70
1008 70 2024
1009 2601 2588 1368 2815 1764 1427
1010 2588 70
1013 2588 2424 2601
1014 219 2424
1016 70
1017 2588 2601
1019 2588 1048
1020 70 1764 2424 2588
1022 70 202
1023 70
1024 70 2424
1025 2588
1026 70 2424 2588 2541
1029 70 2424 2588 1427
1031 1764
1034 2601 70 2588
1042 2601 70 2424
1046 70
1049 70 2588
1051 1368 1168 521
1053 2424
1054 70
1055 2424 2588
1056 1584 1764
1057 70
1058 70 2588 1368 2424 1048
1061 1764
1063 70 2588
1064 1368 2424
1069 70 2588 202
1071 70
1074 70
1079 697 70 2601
1080 2424
1081 70 1764
1088 1368 2588 1764
1090 70 2601
1091 70 2588
1092 70 2424 2588
1101 2601 2588
1102 70
1103 70
1106 70
1110 2024 2658 1221 1368 299
1112 2424 2601 70
1116 2588 219 3002 1172
1122 1764 2424 2601
1124 2588 2424
1127 70
1131 1764 697
1133 70
1134 70
1139 2424 70 2658
1140 2424
1146 70
1147 2424 70 2601
1149 2424
1151 2424 2588
1162 70
1163 70
1165 70
1167 2601 2588 70
1169 2588 2601 2424
1173 70 2588
1183 2424
1187 70 2588
1190 1764 2424 2601
1192 2588 70
1193 70
1195 2424
1196 70
1197 2588 1764
1209 2588 70 2172
1211 2588
1213 2424 70
1215 70
1218 70
1220 70 2588 2601
1221 2424 2601
1225 2024 70 1764 2588
1228 2601 2588 2024 1764
1231 2588 1764 2601
1232 70
1237 2588 2601 1764
1238 70 2424
1241 70
1246 70 2588
1248 2588 2601 2424
1255 1785 70 1048 1168
1262 70 2424 2588 1764
1263 70 2588
1264 70 2601
1266 70
1268 2601
1271 2424 2601
1272 70 2601
1275 70
1282 2424 2588 70
1284 2588
1287 70
1288 2424 1368 70
1293 2601
1295 2588 70
1296 2424 70
1309 70 2601 2424
1314 2588 2424 2601
1316 2601 697 1427
1317 2601
1320 2024 697 2601 1368 2449 2228 219 521
1322 2601 1764
1323 70 2588 2601
1326 70 2588
1328 70 2588
1335 2588 1427 65
1340 70 1764 2601
1342 70 2588
1343 70 2588
1345 2424
1346 70
1348 1427
1349 202 2601 1427 1681
1352 70
1354 2588 70
1356 70 2424
1358 2588
1362 2588 2658 1764
1364 2588 2424 70
1366 70 2588
1368 70 2424
1369 2588 1368 70
1371 2424 1368 2601
1372 70 2601
1374 70 2601
1375 2424
1378 2588
1384 2588 2601 1368
1385 2424 2588
1388 2424
1393 70
1395 2424
1399 70 2424
1400 2601 1753 2172 2024 1168 521 1427 697 2849 2469 1715
1401 70 2424
1404 2424
1405 2588 2424
1407 70 2588 2424
