1251 521 2469 70 521 1681 614 37 794 1171
389 202 470 2601 70 2424
625 2964 70 2601 1735 1048 1528 590 3002 25
173 2586 2402 1792 771 1061 1150 779 2528 2940 1522 2059 696 1785 70 2790 37 2243 1764 2843 499 2601 202 19 219 697 2989 3138 3059
954 1345 820 2527 1320 1699 237 1166 2658 981 1661 1048 19 1368 1152 2172 185 378 962 2857 695 1172 3242 1002 1681 986 1445 1785 2790 1559 1992 2449 1501 2060 3108 3175 2987 1026 1608 3138 2422
433 1368 2588 2601 2424 1427
1065 2207 266 1324 2601 70 1681 2588 1368 697
837 1488 2601 2588 70 1427
791 1445 9 1910 2097 2778 386 1242 2424 2182 2479 1764 695 521 1435 2077 1754 1156 25 1133 3230 1427 2456 2188 986 314 789
619 34 745 2143 3017 694 70 1681 2601 41 1368 604 697 37 1627 1172 3025 1715 2045 631
1240 65 3235 843 54 2543 1041 1500 981 2375 986 2424 1048 1665 2024 2270 1221 534 2534 1764 2048 2001 391 631 883 641 3216 963 1354
852 1982 1902 70 19 2424
1252 264 2199 521 2024 299
511 3014 596 1764 1368 2588 1765 1785 2718 1681 2601
1148 384 832 2661 123 3102 1129 81 2424 678 2731 618 604 1368 2469 37 1354 2913 701 19 40 445 2172 832 38 1427 2543 1665 2026 588 2251 1880 2838 1256 2983
204 38 973 356 2016 2917 598 2601 70 713 2588 202 37 2540 2424 697 973 804 1156 38 19 2658
334 385 166 1216 1114 1009 2424 697 2759 3059 1427 546 3172 1764 25 202 2279 516 2056 2849 279 2658 299
11 201 1199 1584 2212 1985 2633 1042 529 838 2012 984 1425 1528 1849 2588 1480 2601 1026 19 135 3157 2809 2818 1387 38 30 1253 2824 1509 1732 2912 1039 614 2222 1484 1172 2172 608
1212 2811 3092 102 2008 70 1764 697 2424 734 2601 2887 3059 3002 1780 2591 2172 2045 2967 1785 202 37 2469 1608 2461
813 1743 1389 1451 2949 416 3057 2424 2469 2588 2790 965 2302 1005 1168 2024 794 1171 521 2270 640 299 138 2970 820 2967 3138
1039 70 2601 70 1368 2048 2172 1785 885
504 225 1105 2026 1304 487 1092 2386 2985 2259 196 1528 1603 697 521 2424 30 2024 1998 2026 618 734 1152 314 2207 2967 3240 1415 2386 2169 2189 1035 2546
1357 1827 19 963 2601 70
960 1156 2627 757 3002 2424 2449 1764 1011 1592 963 1427 701 697 391 2235 1221 2474
436 3192 2701 2388 1368 1785 3242 798 2601 1427 697 647 1627 2541
610 634 646 1949 980 3176 2116 363 507 2144 2729 2989 3045 943 553 341 1016 2588 21 2415 70 2849 1764 697 2172 2601 2490 2935 789 2228 2024 2183 1048 1368 199 2984 25 212 19 1220 2186
215 1486 2481 609 676 2605 1809 3039 2160 2262 332 3240 2001 674 198 1219 1368 2188 697 2261 1521 3157 961 269 963 3169 1047 2843 2990 2989 2183 3002 28
138 1904 146 3070 3082 576 2715 2934 1708 1479 758 1067 1774 161 2588 2026 2048 43 2424 1735 2988 97 294 662 981 1368 507 1165 1873 1528 986 19 497 534 50 701 2183 2001 430 267 1221 1260 1780 2094 2990 1553 2261 36 2956 73 2182 2672 2992 1785 2040 1171 1292 1608 3240
635 788 87 185 2601 614 1172 1627 2293 613 632 2024 671 2545 469 1661 1152
1175 751 320 805 1045 296 1612 1343 2881 1487 2648 619 137 1215 2424 2601 70 1690 662 1172 1368 1992 1795 521 1779 2595 487 1864 697 1968 1314 694 2591 1528 2685 2721 3135 963 61 1894 2024
1294 303 901 709 371 510 257 511 2676 1368 2601 794 2424 1759 1764 2469 1171 19 1586 333 901 1649 235 3025
240 1188 322 716 2601 697 1048 2454 499 202 668 1368 1152 701 2658 219 717
210 1655 67 2859 2335 2063 739 1783 2847 863 2512 2023 47 2272 1738 2512 2583 2424 2237 1593 521 1764 3166 2454 713 2228 1642 1156 1026 192 28 1827 369 2001 1349 3235 2847 2762 578
668 2217 2334 193 289 2187 147 1452 1995 968 324 2573 3006 1997 1723 2002 2690 1657 1513 423 488 1611 70 1495 2449 219 657 2424 2595 1681 69 2545 3139 2001 452 601 314 596 1559 1246 72 1165 2217 1715 3235 38 2967 908 299 2360 2140 701 3037
351 380 2718 2786 1643 80 25 2588 2182 38 2172 3240 1219 70 37 1322 604 521 1221 713 2843 2435 804 1368 2503
890 1627 1785 2654 1168 2424 2588 2422 1427 202 1764 2024 19 558 3242 604 1171 794
778 2229 930 2678 319 212 2161 1180 1052 2520 2907 3007 2172 1529 2794 1845 30 963 3002 1764 37 2944 1514 1559 97 2545 2188 231 2663 19 2512 2591 1221 446 1673 497 1715 1951 1646 2622 2397 654 1765 2987 2182 3172 2592 1785 3025 1985 2815 104 2199
1040 2077 3153 2588 2424 1874 37 2539 2956 3089 2849
370 2815 70 2424
572 3171 2644 2608 287 1507 2740 1334 721 675 1412 424 2823 813 977 2512 2424 2601 697 1048 2279 521 2188 2183 1827 138 2541 1498 2009 236 2608 2001 2026 1168 2804 738 385 1172 3240 2449 986 534 460 51 3014 2056
361 1291 1315 2992 1284 1499 3179 3220 697 1168 71 2141 677 2026 2929 67 1992 1048 1785 37 2279 1744 1965 3059 310 1171 1172 618 734 2505 1569
0 1771 1048 1013 2254 547 70 1427 521 1156 1048 1013 1681 1105 2172
521 854 2782 1240 269 613 1274 2323 1988 70 2469 613 521 604 2422 285 2024 2658 1368 1681 2228
939 1335 1288 521 1172 1681 3172
1159 2177 284 2714 2154 2450 3125 70 604 19 697 521 3002 2004 2920 2822 194 207 1785
913 1873 2933 163 3138 334 3121 70 2588 2024 1168 3240 1673 794 2172 521 2449 2419 87 1501 2077 2461 3172 2984 219 38 2786
34 1270 1977 97 983 2703 1352 2953 842 1085 1719 2610 1842 1740 737 2061 1797 1576 3026 685 2424 2024 2469 405 662 2370 2422 2786 70 219 2658 984 981 3002 124 2929 1528 25 3242 1764 1759 3082 2601 1229 2172 202 1715 789 1543 1891 1673 2984 19 2108 1368 1921 1495 697 285 1740 432 51 3241 314 3014 1785 875 521 1511 1565 2182 2279 2276
487 1752 3216 1504 1337 1311 2111 1830 3019 1227 2205 2961 19 2601 1684 2424 196 2024 701 1133 219 202 1337 61 1401 2608 1150 2658 2970 120 1552 2205 410 2033
168 2490 550 249 1760 70 2588 2424 2601 2235 3078 2172 2024 713 1764 794 2913 1642 1172 1785 3138 219 2182
404 2658 1633 2172 70 2588 2601
43 485 277 2155 3201 377 1968 1172 1572 2009 2805 2591 2014 521 3240 2536 2370 2024 1608 3135 1679 2449 2465 1256 604 2436 2309 1600 719 487 2470 1642 2850 1911 2820 1559 3245 2486 2771 1343 1049 1058 1794 2724
1120 171 1764 697 2424 1368 2588
1344 1948 2048 1355 1026 2227 2403 365 2010 326 1399 2532 2461 521 2383 1156 2588 3175 2601 2424 2786 2449 509 2024 1685 327 1681 1925 1171 202 1026 1048 1501 1368 1427 361 2456 3172 771 1641 1168 1705 2363 1496 2469 1584 685 604 1253 2009 1172 273 3239 2422 3116 208 312
1189 692 2202 1491 526 2218 2147 2289 1395 199 2588 2424 657 2809 3240 2228 2984 1764 330 697 2196 2172 219 37 3025 1301 30 2007 2188 2289 1235
566 674 1211 2150 70 521 1705 1764 202
98 339 328 1942 2424 2588 2601 2188 1179 794 1764 2172 1985 1427 3172 962 2279 2024 1575 997
876 1125 1095 157 2405 70 1644 1368 2601 3150 2424 1179 711 981 1753 962 37 1764
931 1172 469 202 2026 718 614 2363 613 1048 2913 2001 1975 3240 1407 1152 604 1936 3242 1172
46 787 1539 2494 629 3172 70 697 3025 2588 1368 3092
1104 1819 483 235 3229 3099 1427 2197 2424 1368 70 697 1705 786 2235 2990
1188 711 361 2667 1885 1426 19 1764 2424 2601 697 789 2172 713 1709 1168 1992 255 1427 25 1133 1985 43 1681 1387 1172 64 2984 2183 1221
1235 1726 2613 2657 1690 1065 2392 2122 2424 521 2601 1152 2213 2023 2172 2588 3239 1458 981 2469 2832 2815 2590 38 1672 2026 61
1086 664 255 351 1264 2871 3013 2951 271 2435 1411 2288 3084 1502 949 323 2556 2019 2424 1048 697 521 2512 1904 202 1293 2545 2417 2456 1495 2736 3172 1221 215 1992 1322 2404 1625 2435 1005 380 1461 2454 2206 1521 1002 2725 1256 388 255 701 2902 1092 578 2295 3123 3147 863 3084 2589 219
1347 713 2076 2421 1427 697 1764 1627 1048 2658
489 1595 1684 2658 697
246 1888 2122 3068 2588 1368 2424 697 2449 2601 2469 2169 3093 2843 1679
718 2655 2364 1732 1800 1193 2845 948 2909 2588 1368 1764 789 43 219 697 3002 1219 678 1048 713 2213 1235 2183 2176 502 2141 185 1263 166 1412 1526 1673 15 459 19 1203 2975 2843 2991 2188
753 1472 130 1874 2547 70 1048 2424 2235 697 1528 74 299 1786 1156 2658 202 185 2169 1133
180 2299 904 70 2963 2424 2588 963 2024 2970 2207 2188 1292 521 19 2984 101 3169 25
812 2993 668 1791 70 2169 2424 2811 1661 1764 697 2175 19 1172
1170 2572 1787 3194 2666 2469 697 2588 202 2026 789 2023 2182 2984
1387 1349 875 106 2273 2495 1398 2024 1152 2424 1427 19 2588 97 2786 2182 2849 3059 2736 2469 64 2575 202 2621 697 3240 219 1026 1753 1156 196 2186 500
208 1177 2115 2173 1637 924 70 794 2188 697 1156 2588 2279 299 2176 802 2601
921 89 451 613 2026 2398 1048 2430 2658 2991 604 2122 794 219 2913 2920 2461 2062 1879 701 2048
1359 917 1635 1954 2577 170 2631 70 2588 1528 2046 583 2024 1543 1368 2172 2587 1685 2183 3059 120 19 1788 1501 1764 2854 1292 3011 1559 1451 1253 1870
925 2736 1936 1650 697 1156 1171 70 2424 1368 3205 2658 1048 613 1608 2469 2616 2422 1152 1480
1108 219 70 219
699 265 141 408 1880 2133 3024 70 1526 2424 697 2820 604 3059 2056 1528
887 1903 1187 2615 1786 2416 1233 1531 1767 1079 3133 2606 2235 70 2316 2970 1681 2000 2056 2077 1764 2601 3225 37 1271 1495 2189 738 1921 1118 1528 2228 1221 2804 1992 2141 1673 202 2989 1368 486 2658 1156 212 521 1166 586
1301 2300 2287 975 1024 388 1405 1346 2119 79 900 2883 1034 1048 1665 1171 1368 2626 2601 1764 963 802 2419 2943 474 1679 1044 1332 1673 662 2143 2187 2117 1502 1888 2435 2139 2645 2225 37 1675 2422 2023 2001 1203 2542 3135 390 3101 1387 202 1466 61 2574 30 1528 1500 1246
601 1592 697 2984 2588 1827 2601 3138 1681 25 2595 2125 1592 391 973 2225 2188 2273 2026 1427 604 2228 2122
969 1427 2551 70 2588 1171 1785 697 1048
746 3163 1571 3079 2404 70 1764 2790 973 1536 455 1786 1528 2026 19 299 2348 1156 2762 1002
586 261 1234 697 695 37 1756 1764 2424 1246 521 1221 2172 1427 2975 701 3240 202
97 2913 2030 666 2514 972 2424 2172 2182 2622 2588 1788 794 973 1002 3142 2601 2843 865 3025 2026 521 963 3240 614 2243 1559 1608 2913 299 2820 988
1204 696 667 85 1520 2424 3108 1724 2976 360 1236 2588 2424 2218 37 3108 2001 202 1171 1553 1236 361 19 1058 231 1368 1292 1681 713 697 1785 521
181 1795 1988 2088 2727 2798 945 2346 304 70 2188 2601 2183 1168 2588 794 1526 697 2970 1256 1540 1047 2591 3169 590 2913 1988 714 2454 194 210 469
107 1002 2469 2077 2424 2588 3059 2228 1368 1221 202
1312 3242 2601 1156 70 981 219 3059
1003 2447 701 2424 1368 2804 832 3150 2913 1967 314 1705 1679 460
649 1469 1975 2278 1456 361 1764 70 276 794 2424 521 2474 1642 1427 2601 526
63 581 984 217 70 2424
529 1681 1937 521 70 986 697 616 291 1715 2024 2424 1606
1107 855 707 434 2118 1710 359 2968 2428 444 2293 1434 899 2960 3030 570 2339 2206 1889 3018 1005 2051 644 1018 2424 2588 2984 2977 3241 1992 103 768 2125 1559 2539 981 1357 3059 662 1449 1055 2583 2512 2046 680 2790 2182 1049 2601 614 2097 2135 2843 1504 836 2833 2782 975 2141 2546 30 2028 440 25 2646 314 645 391 2206 2014 604 154 2498 2913 798 19 706 1765 2001 3240 3025 824 1479 534 2682 2469 2575 2493 2920
102 572 1422 2913 1785 202 2424 1368 2542 219 521 1769 37 613 1608 981 1387 1524 1172
757 2451 392 53 2588 70 639 1681 521 1048 2469 2601 1528 115 1450 693 1387 747 1684 697 3014
849 563 2228 2779 331 2108 3217 3119 1915 70 2601 2424 2588 2541 37 3150 19 2461 1673 1048 2026 713 986 1368
24 635 2424 1738 2601 2077 2588
202 648 947 2560 1566 70 697 2588 2424 1368 2601 728
1291 2172 1594 717 48 1172 70 2424 1427 2422
1032 3172 2430 1887 70 2424 1427 2588 1168 2077 697 2024 2843 219 2235 991
297 242 891 2826 1701 1256 3080 720 1083 985 1390 1161 1727 1540 2588 1765 1764 614 984 1048 2601 1496 2172 1581 2706 1500 2595 941 586 3171 2628 2052 596 2978 963 1535 270 2387 38 1720 1100 2182 2001 3157 1256 1619 381 2894 1932 534 1171 103
949 222 267 1856 3128 544 28 1151 2082 849 3240 1235 37 219 144 2436 1608 1427 2453 2383 2946 965 2790 521 186 3165 986 2575 735 19 578 1984 2975 446 662 2658 695 2176 1312 1292 1167 2832 1679 1920 1368 2844 2591 1563 1898 2101 1002 2048 2849 2843 487 1026 983 2143 2183 1495 2417 674 1510 1785 1100 1496 2175 2235 1985
556 734 867 2004 883 138 70 202 2601 2424 2588 1163 61 1528 408 1047 697 604 1764
227 2856 1069 509 189 281 718 32 2462 1048 1642 2424 1528 3124 1246 1735 75 2340 1977 3201 663 613 2175 19 521 1256 1500 1584 1985 1529 1171 1684 2658 202 590 38 3059 2458 3160
530 2804 1875 1492 1221 2424 2601 19 1985 1058 1992 521
596 700 2994 2197 2580 70 19 2424 3059 2172 1221 2588 140 697 1368 2182 707 794 657 1427 138 2956 2279 1253 521 2077 1735 1764 1627
1223 695 657 2645 1402 3211 736 1893 1192 1174 3158 2685 599 2624 1764 1769 3059 1526 697 1528 2601 2588 2183 1174 2916 1679 2538 1705 3240 2658 2169 1992 3175 25 479 2546 2815 2973 2987 2139 2235 2189 662
465 2397 1332 308 1921 919 551 874 1984 783 1322 614 2235 2820 2849 202 2024 2601 2172 2539 2424 1764 1681 697 1172 163 21 3150 1002 3059 794 1094 1219 1048 1221 2809 1047
364 3123 2983 1765 1012 2743 2484 3186 2766 2189 2085 2745 2389 2489 471 2544 1968 70 2193 2588 2398 1764 711 1083 2984 231 975 2430 2060 1674 3002 697 2540
1286 3111 516 1134 1560 1926 705 1000 2517 1021 2588 70 1681 1722 1048 3172 1089 604 37 619 1764 2681 3217 2769 973
775 2124 2175 1206 1433 2103 2696 2604 2360 812 3159 1883 2328 950 1055 70 614 697 2913 3059 793 2235 1005 3172 1688 202 2145 2377 363 794 1762 73 2412 1085 1788 700
1168 3012 1382 2791 1278 179 2280 852 2326 2365 597 1831 2885 2492 1072 1969 801 817 2697 1221 1764 1235 1168 691 7 3002 2024 3245 1765 2046 91 963 165 3088 961 1134 521 1165 3138 2843 433 3020 1608 2435 21 2148 473 3025 2497 391 1823 2595 1977 28 2617 17 662 2209 202 2837 301 1785 986 2186 2545 3128 1496 965 1203 811 1586 2188 2168 1187 1753
898 1336 2424 1427 794 697 981 1808 1992 2077 70 1168 2790 1764 2658 962 2189 1368
823 2908 2424 521 2588
1250 538 70 701 1048 1427 1563 2424 1496 219 2790 981 25 3138
557 2518 1178 2531 165 866 2751 585 588 3208 1865 989 3231 1131 956 715 2688 515 3056 2144 2837 1048 2843 631 2230 302 2688 3059 607 2403 2026 2709 2988 1681 366 1156 1263 1174 2383 876 333 2023 2545 1543 875 2795 163 2953 61 1685 1599 76 2626 3135 2978 2294 1080 1382 132 3239 1221 3166 963 1785 2546 562 1704 1099 2279 986 436 1246 680 124 38 605
1 1983 3172 1764 521
230 19 1480 1822 350 2424 70 1427 713 521 2225 2601 1764 19 2469 3172 2024 1627
113 3145 2834 769 784 844 2419 70 175 1152 3172 2122 1681 3216 697 1171 1603 3150 2913 1048 2809 1679 469 2469 1168 538 2615 3241 2545 2449 1133 3166 1163
660 1764 187 791 2424 70 1785 2601 1048 37 1368 1764
1082 2279 2601 1048 2172 2024
375 1992 382 70 2588 2023 415
1386 981 2172 2658 2424 3002 521 981
873 2024 70 1764 3059 2024 1528
397 991 2153 2958 1845 2001 3067 2658 991 631 963 2595 2601 2844 287 701 25 521 3059 1679 1764 1368 1220 2182 2820 38 19 1684 599 2172 2295
268 1776 2895 2185 76 2588 70 202 2424 1528 794
165 794 391 2417 578 2506 2029 3149 2833 3228 2497 1076 288 890 3199 990 1818 449 2075 1609 3152 2588 2172 1427 2539 2595 2001 3192 2658 1048 613 2843 550 538 2024 3145 2182 1133 3025 2592 1759 1058 2984 1977 2461 1347 19 1762 1320 1559 3015 1681 266 487 64 794 2967 2422 3023 482 500 460 1221 276 2854
1283 2009 893 2935 2665 2972 2541 415 2984 2912 70 1427 1642 1368 1388 2474 2832 202 1764 2425
807 1128 10 2003 3049 1470 3146 2500 2888 3198 3072 1048 1368 2601 2023 2122 1602 2406 1427 473 1764 563 2546 1681 465 2420 2846 2043 2787 2658 2026 2188 1309 1168 618 3139 984 697 2913 613 2836 1150 1584 3172 3240 521 1047 1679 1763 3242 1285 2186 604 2141
697 1133 2965 70
1172 1458 804 2588 2172 38 697
419 3023 539 1155 3062 1170 295 1368 2424 697 281 92 1489 1562 779 2172 2077 1819 1764 1152 2712 1992 3240 2015 728 51
608 2563 85 1681 2424 2588 1528 2955 2913 1172 963
674 1059 2129 923 1898 604 2588 2436 2001 314 2048 2843 61 111 2063 3059 3145 30 1368 962 1221 25 2809 482 471
1299 2361 2914 2424 697 2601 1368 1764
47 21 2296 96 231 1670 70 981 2026 794 2601 521 1528 202 2023 1764 2186 1368
973 1709 70 697 1709 2588 2235
1394 1191 2261 243 2142 1048 70 3201 444 1818 3240 2913 1684 1673 243 1246 747 1480 1427 138 1171
95 2169 2251 1764 1785 1765 1133 697
200 2996 2713 3210 1585 1998 1022 489 2843 2424 1368 2601 1785 2436 2172 981 2235 3185 1500 2182 1795
247 2929 172 219 2424 697 1608 1155 1048 1735
623 604 1344 1253 2172 19 2235 1608 30 1368 2077 1667 2178 604 1179 1221 1711
1249 2268 1543 1054 2188 2291 2483 1186 446 1825 369 861 1384 2027 280 2591 2808 70 2588 2377 2686 3244 1165 2026 2929 2837 1153 2172 1496 734 2453 2183 1543 678 76 604 2822 1483 463 100 986 2784 366 2779 962 2169 2004 521 1152 2024 25 749 2736 1992 721 1247 2062 1172 2584 202 2658 1292 487 1407 2499 2833
549 1189 70 2601 1764
1319 2023 1733 2726 2139 129 70 2588 1235 2424 37 1965 2843 2026 1048 2461 1528 2896 986 2832 1171 2361 2469 1545 2172 199 1427 1587 1681 3235
602 338 1980 1428 3140 167 3141 1485 60 1877 2380 794 70 697 299 1048 1764 1780 1528 2172 1554 1368 2449 1242 2812 721 1263 3151 38 60 202 2991 1484 695 44 1753 2422 563 613 2859 2967 1156 1271 1685 1309 472 1221 2023
696 631 2549 70 2424 2967 2588 1368
644 2919 3104 2355 2898 1993 1911 1471 45 433 2632 2310 2046 2988 604 2592 2172 2183 1048 2601 1785 2179 272 1019 202 1786 3103 828 3241 499 1780 30 2828 2141 1715 1151 1764 1309 1684 23 3160 19 1760 1058 794 1133 2330 2960 391 1705 37 2973 2029 443 1178 1538 2843
985 1762 2424 2601 1048 2588 3078 37
694 2590 443 191 1824 698 1214 1231 116 1427 1608 2588 1048 2984 1368 697 97 1732 662 981 116 25 105 219
243 1705 1312 1273 70 2424 2056 697 1764 2024 981 3025 2601 3108
657 2947 3129 1007 1515 1043 176 1764 2422 1048 1427 25 1135 2396 2231 2026 1992 1679 1166 2790 2186
844 1094 524 595 154 669 2424 2539 1368 521 2172 2295 2026 246 19 37 1510 1292 2060 285 485 2301 2681
1380 1686 2588 2809 219 2077 2790 521
232 2619 121 1038 2535 314 70 3002 1764 202 1368 219 2588 2172 3147 1026 1337 1788
52 1756 413 1764 2024 2601 2588 1246 2225 2228 25 37 1785 1427 1985
606 2243 780 1442 3041 785 3177 2408 2601 2588 2243 1880 1990 482 1756 1592 124 415 973 25 1681 1679 606 2540 2422 1314 2488 1642 2546 963 2235 2023 1855 1597 2917
692 2561 2474 19 2588 1427 3025 1764
742 1606 1363 1604 1870 2385 2130 155 1333 2371 505 2950 1365 1892 1403 17 2332 190 781 1632 2892 1121 2923 2900 2424 3139 1048 1150 1725 2867 1172 3242 2175 1891 767 604 3112 686 1785 791 1906 319 1577 2106 2158 1553 2764 2810 17 1246 2427 764 2820 2805 1870 2004 120 499 1624 605 631 212 2822 38 469 1253 37 175 1171 1412 2913 1065 3175 2859 267 912 2658 2228 1154 1786 3245 1306
1306 747 270 981 70 460 2984 794 1715 789 3150 652 2843 1495 2808 1292 2991 1133 3001
71 1182 2821 124 687 2424 1992 70 2188 1764 1011 2135 1495 697 717 3059 2172 2563 605 415 2595 2591 521 202 794 2575 19 1705
40 2209 2591 902 795 5 1440 1238 2424 70 1764 5 2188 2601 2658 2940 1256 662
527 292 484 922 734 3191 1026 1427 697 2243 2545 2790 2009 2811 962 2747 38 3025 196 3235 2228 2296 3240 1684
1276 2967 1179 2843 1712 697 1681 1048 97 2601 1427 2424 981 1202 521 604 1152 2169
362 2579 1777 1245 2424 2579 1285 1764 1427 3230 521 3147 1171
174 2455 3095 569 2977 412 2466 617 984 70 1368 1571 3059 37 981 3172 1764 1044 1410 2469 1048 697 538 38 427 2546 1496
614 3197 2127 2368 1205 659 1427 2469 1679 76 37 219 2509 2563 2186 613 2207 2023 521 2991 202 794 1627 2316 604 2235 3083 3244 2658 2136 2461 697 2825 2001 97 1368 1445 299 662 38 685 1876 458 2913
1045 2183 1711 1427 2601 697 701 1711 70 2658
50 628 3157 2588 1172 2188 1764 521 2077
1015 1209 2424
672 2744 1208 422 965 2629 807 822 823 1362 1693 869 204 2588 2026 1501 2004 2984 3014 19 701 1137 885 3197 255 1368 3040 3242 1168 138 2172 755 2574 591
505 1707 245 2049 2200 2098 967 70 2172 19 451 2048 2771 2615 2024 2917 2045 2658 2846 2825 2114
1066 697 2588 2601 202
92 104 1801 69 1617 218 321 2356 560 955 963 2588 2809 1221 1715 521 1048 1685 405 2424 697 2787 842 2024 1368 973 2188 2815 410 1058 738 2230 3138 981 2591 1156 827 25 2782
346 2576 730 2485 2096 1614 3214 2794 527 1116 1364 2774 1282 1071 2601 2424 521 2024 70 203 1368 1048 1427 1764 19 2243 1172 2658 1636 1310 2219 2843 3186 635 1627 2191 1992 1018 2199
943 2920 2668 2041 1086 1427 70 3014 2601 1048 1368
821 2588 2588 70 2601
4 1802 2597 764 571 1994 2314 1961 3224 2938 1882 984 2588 655 2223 3239 2591 1378 1930 2191 2541 1002 1277 2456 2597 2422 1309 755 1521 2056
494 1450 2272 2601 391 963 2424 794 1764 3150 1427
1143 1698 2282 70 391 3002 2026 2424 1048 1501 3172 2601 1679 37 1552
329 2422 1420 2757 2146 660 2596 2524 37 697 1765 421 1962 1214 19 16 2056 1171 3241 97 2461 1569 963 3002 299 1644 314 2272 1744 1805 43 2188 2486 231 2742 1387 1327 2078 721 613 3093
769 1228 1025 2424 70 38 2228 1764
665 1748 2456 2755 1914 519 2781 958 3233 83 2553 70 2143 2546 1048 2991 2424 1172 2588 1510 433 521 2134 1080 1765 2497 479 61
1258 735 2266 2354 2169 2658 1048 2469 70 1171 2984 391 2024 2424 1427 2512 842 1368
1274 2148 1661 2658 1368 2424 70 701 2172
1402 2465 126 70 2424 3240
785 142 814 2294 2622 1832 2080 1321 3 1807 1017 1881 1564 703 240 1796 1455 1953 238 1221 708 2601 121 299 42 1133 38 2045 2522 3150 718 2009 3002 219 1677 1368 391 1349 1528 3126 750 657 3239 2790 1724 301 2902 1235 1762 1985 2014 662 76 1770 1163 2172 1569 172 507 2188 2056 521 3175 2212 963 3059 2082 2279
678 2235 2588 70 794 37 2048 796 202
434 37 697 70
91 3205 1764 70 1172 858 2424 219 2790
3 475 777 623 1821 439 128 3147 1745 1123 1203 2172 706 70 2588 2583 2984 2843 2228 30 37 2048 701 677 229 1565 981 2811 520 1540 614
498 3059 1309 1932 182 39 925 1706 984 37 2449 2188 981 2183 1387 1992 1681 141 202 335 2859 38 1679 538 1264 713 879 2235 973 521 221 1932 794 1221 2658 2541 2422 2186 3124 75 697 1579 662 1246 3150
447 1251 2176 1202 1356 1369 1781 3029 1255 859 1764 1885 19 2601 1048 1368 3059 1427 1255 700 1259 2539 2469 986 2226 2941 1171
809 998 1427 3124 1785 2235 1048 521 1221 3172 1172
1021 2040 2896 393 2916 911 2503 962 1957 951 2601 70 2424 2818 2843 1023 1168 2116 614 2591 2588 1171 1661 2417 2541 1221 168 2183 1764 2984 613 713 3242 883 2024 2235 1978 981 962 2172 701 425 521 1427 219 2228 536 1616
705 1697 2522 70 2024 2588 2175 2469 2009 2950 2595 794 3172 19 2658 678
974 1941 3069 1939 1764 70 1785 1368
281 1112 2362 2686 2210 602 2784 2803 3004 1526 2024 986 19 1764 1985 2975 787 3059 38 1500 2227 701 3242 789 870 798 50 1591 1246 255 1427 2125 380 2570 1219 2815 1569 1094 1247 1167 2818 280
111 672 2599 637 2443 1992 2601 2023 2424 2235 2984 2024 794 509 2279 963 410 2595 2182
554 2719 1972 195 2955 168 50 1358 256 982 2284 38 2588 1048 800 3059 860 1994 1368 1681 1528 2469 697 521 2348 3025 2183 219 1500 3145 3132 2790 779 711 1515 2913 384 1985 1292 2546 37 2422 314 824
1367 598 1163 2469 1368 2588 1427 1764 2172 2984 2601 2235 1156
877 2432 3047 278 3245 2172 1133 934 2062 521 1785 804 2048 613
929 275 1692 2775 2434 355 1950 1764 469 2046 19 1048 479 697 657 794 662 1047 1171 1642 981
235 1596 2022 19 2424 2235 2588 2512
270 1218 565 448 2893 2424 70 222 2962 1785 521 1221 1679 1171 2183 2913 1496
1383 2963 2787 1552 2601 2424 37 1977 2843 609 794
99 1814 1494 1669 1301 2318 2198 1373 3025 21 2843 2806 996 1221 662 697 1982 1785 124 874 2115 285 908 685 115 1496 1715 1753 1016 916 1228 2469 1264 2046 1405 61 231 2182 197 1219 172 2430 3078 1814 718 1521 2207 3239 3116 2188 1906
333 1651 3226 2538 2327 1400 2441 1654 1544 1641 1148 1026 3150 2512 981 1764 2588 1479 1673 2186 354 2001 2626 677 2377 656 299 222 1582 469 1880 1495 986 1002 973 2056 735 2189 241 1501 2004 2771 1468 25 3147 336 1064 30 2228 2554 794 1600 482 2211 1527
832 1413 2857 1833 1032 2424 70 1764 521 1515 3186 2984 697 2077 61 1427 2266
1117 401 2258 2407 661 794 2424 219 3006 697 2913 2658 2967 2154 2276 2795 1221 53
463 61 1316 837 3078 1559 1430 2974 1850 2005 2186 2424 2546 1559 1368 604 697 2809 521 19 1438 1764 184 2508 2048 2984 1224 61 2595 2658
284 316 2359 2658 1764 1048 163 962 2235 202 2790 657 1697 948 1168 563 784 2563 148 2913 2186 37 1608 3014 255
642 2984 70 2601 1427
1067 798 2158 1039 2836 1572 2588 794 984 954 691 215 2424 795 1819 2071 1349 87 1577 995 1368
29 2683 2689 3091 2169 2588 202 587 1156 2967 1427 37 19 3059 1785 1543
508 851 325 456 70 2588 2449 1764
1142 651 1261 2588 219 697 2024 2179 1427 2199 25 37 521 2172 1048 2955 2975 3059
349 2423 2469 1528 1879 202 2822 1368 521 2423 794 2202 604 2809
1158 523 521 2588 70 2424 697 2825
1253 2681 2245 38 1504 605 2601 2833 2024 2975 1965 30 734 1215 1538 2821 2976 1005 2417 3078 391 1008 1715 1951 986 310 3059 2172
944 974 2912 2797 2315 2107 3107 2588 1985 521 70 697 2077 1080 1764 2601 3002 3240 701 1427 19 2424 299
216 2363 2502 1427 1368 2545 697 1595 2424 1764 794 687 1528 1827 1964 3002
1001 1887 3245 122 2316 521 70 2424 697 2601 2809 2522 1368 1762
309 2412 1580 521 3172 2424 697 1165 3059 3185 1273 1194 2384 981 38 2193 1753 2545 19 1600 1785 1540 2242 2183 1608
945 1649 117 3244 1133 2424 1168 2461 1156 2139 1048 2272 1170 521
354 1090 1001 343 114 2658 70 2588 2269 1168 202 2461 1703 2077 794 2721 963 521 2424 1764 1681 1263 1679 1172
1308 2809 19 2588 1427 1179
70 532 23 1141 1846 1257 1712 1483 2868 1243 1155 2601 1764 70 1427 1681 1785 521 3078 2913 2424 2024 1026 202 2191 3002 3222 2210 2824 1171 2469 1521 1511 276 1707 697 1985 2574 886 2213 1172 38
1184 1742 120 2656 1197 2424 2809 3172 701 1427 728 148 1171 2658 2150 1292 2469 2268 2105 2425 2591
295 592 329 2959 1672 963 70 2588 202 1785 876 2541
218 701 3040 1308 3196 1871 981 13 2975 3241 30 483 2172 819 202 521 662 2364 1569 444 2857 2043 3240 1327 701 2417 2383 428 3172 2015 1172
1096 2508 1753 202 2424 1764 1156 2024 2601 3129 19
1062 1371 394 198 2424 70 2991 1427 2588 1133
1363 2874 364 593 2555 1181 1523 830 1916 933 894 2085 1500 2023 487 521 3025 1221 1171 2469 202 1765 1701 981 19 3166 1763 2141 2396 2780 65 2435 1036 788 2718 2417 614 1521 3245 155 185 1292 2560 120 1288 2296 717
162 649 2904 70 1368 2857 697
480 138 1427 37 3138 202 804 19 2465 3002 794
856 800 928 1229 2305 1183 2673 1099 2286 625 1715 2601 1862 2023 2587 1168 2570 794 697 1156 1246 1368 1008 617 2815 1563 19 1221 1852 1263 1584 3114 605 3059 2532 255
501 2156 30 1823 6 1970 2178 3020 101 133 181 2424 1764 2179 2588 2621 1202 747 604 2824 521 2859 72 2658 219 202 2183 1256 2975
545 1945 2617 724 2913 219 3059 1785 521 1221 667
42 3169 1037 3206 1164 2876 421 1368 70 2588 2601 19 697 1427
67 460 1634 2913 2588 19 2188 1785 2843 314 1495 2422 2469
83 3238 1737 2277 188 2677 2568 1620 697 695 1191 1764 70 1310 2469 521 2790 2601 2024 1528 3059 1807 1785 1217 2262
1396 1663 3135 821 2607 2878 19 1172 2296 1674 2588 941 1785 3135 598 1756 443 574 1642 427 3053 2044 2182 3213 1514 1219 3172 1770 1080 2227 521 2622 3191 2469
603 194 1855 1619 1817 2424 1785 1368 2172 697 1246 1048 1764 219 1528 2601 19 2026 2984 2981 2663 696 1679 1427 2237 2176 941 1080 2024
468 1947 473 521 1764 1368 1427 1785 202
616 1215 2978 3189 2112 51 1672 2873 2058 2526 1785 1681 70 2417 2601 2541 2622 2790 1673 446 2183 1764 1171 2449 2172 2913 3241 794 2103 482 2588 65 2048 1679 2143 1753 1221 37
818 229 2733 1014 1126 1826 740 2603 2857 2546 3150 981 25 37 1179 188 2449 614 285 1713 1150 3002 1827 3240 124 2978 2587 2814 219 2071 934 1592 2172 1523 1735 482 1221 2228 2231 2970 1116 1591 3245 1646 173 3211
834 738 3050 2026 1992 70 2588 38 1669 2601 19 2383 1785 202 2228 2188
347 2052 1843 2057 1854 2588 2424 70
372 552 2424 2588 202 2302 70 2790 1785 2024 1709 2230 1168 1764 302 2805
1070 559 2592 336 836 987 2702 2265 1089 2722 259 1935 2772 1263 2279 963 2026 973 1242 521 1010 2991 1048 2436 2843 1985 1563 1679 1116 1221 2024 2794 2228 2512 255 1735 89 278 2564 2795 701 2833 1515 3138 200 794 2056 2592 779 2456 789 356 1786 405 3172 229 1528 2570 2805 328 1521 2087 2790 422 1495 1780 194 1610 1667
902 1521 2302 898 25 70 1785 1048 1518 219 2601 1221 2805 3157 1256 1715 2967 314 721 3245 3150 1528 499 25 1776 2815 1877 1235 713 2540 558 1646 392 415 1707 2651 1765
325 2792 706 2372 1242 199 756 1729 1259 2796 2066 896 410 2141 19 1681 1220 2023 37 1895 1368 460 202 1166 983 2043 2539 2467 2104 963 1762 65 2046 2843 2189 2211 876 1559 1344 1674 588 2681 2810 2977 2319 1459 2425 1247 2959 2790 3172 695 1454 3138 1221 2834 1759 2932 1069 1127 30 2422 1154
502 3035 2860 1098 2374 2588 2601 1458 202 21 2541 76 2424 697 1002 2172 1047 2422 2461 1764 2449 2984 1368 222 2658 1172 3093 1681 1528 1921
166 1417 2015 461 3240 1681 2424 3172 1048 1368 1785 1764 1172 2045 2561 1528 1992 1427 1168 3230
706 3083 2944 2307 590 2313 1857 441 428 2035 1103 472 353 2172 2588 2512 613 2045 2424 789 2422 1427 2435 37 604 2469 1608 2601 2984 1867 2378 2048 2820 1397 2790 662 253 1094 2207 1510 1627 1049 76 1528 1946 1172 1500 674 888 219 408 30 3240 521 1785
653 1860 2931 2529 2424 219 1427 2601 531 2530 1685 70
633 3116 2054 2228 70 2588 2735 2424 219 3150 1764 571 2536 2601
302 2225 1285 378 3007 98 2424 70 2427 2235 1764 2422 3240 794 1762 2984 3025 2658 2307 2417 2403 697 2465 1785
540 815 1611 400 733 1130 1755 533 1858 1717 2424 1764 981 73 984 1858 2449 2453 219 1785 2822 1584 2422 1491 460 3002 3157 2316 36 521 95 21 621 3139 1462 2045 326 2825
238 2429 632 250 2295 12 2725 2742 86 1989 1196 2588 2004 70 2843 2172 2469 1764 1705 2295 2913 138 1238 1992 1172 1228 1753 1528 1163 1681 1988 3150 1368 2601 1171 3214 1785 1048 3059 2616 521 789
839 1078 2925 2861 2230 938 1990 1353 1764 2469 604 1804 2790 631 1368 37 1584 2587 2094 299 1994 25 521 2461 3169 2186 391 814 2312 2172 2077 2804 1563 1172 1256 2820 3003 3002 2972 2801 1665 713 38 3240
1052 568 1738 1154 95 1785 697 1764 572 95 202 2175 1427 1685 1171
824 1176 466 346 3117 2587 19 70 1048 17 2009 3172 794 1728 2004 2424 3002 3008 697 1642
8 72 3213 868 605 1735 2424 2843 1500 1764 1172 521 19 1496 1048 504 604 2913 2026 794 314 202 2024
1048 2390 931 1565 1578 1056 2767 1075 2233 1132 1626 1109 260 1493 688 2026 2859 2192 1528 1495 2422 1764 2658 3230 2388 2469 1992 2307 1140 693 399 1387 49 19 2024 1368 2451 3018 2454 2235 778 2022 2179 1184 1445 2390 697 2577 2045 2978 643 1235 3078 2815 2349 1489 2821 2436 37 1482 2970 1753 98 1049 2837 1202 824 1526
456 3241 2809 2424 1528 2575 2588 19
1325 824 2424 19 1048 2588 104
287 1553 70 1368 521
1037 2970 70 2424
1077 298 1794 2891 2387 2865 70 1681 1165 219 521 2588 2601 2626 1048 2471 531 1756 981 1887 2235 1764 2172 3172 2461 314 64 2180 2229 2658 2370 2103 3002
96 1235 2228 614 1764 19 3138 981 3175 1427 697 604
1350 1340 640 29 1946 2557 3077 1918 258 1621 2199 3101 70 38 2996 1427 2276 2601 3003 1785 2012 2519 2469 2454 1468 662 1540 1940 124 2279 1011 1528 108 236 1037
1027 1930 1764 2424 1427 3242 202 2601 2182 1528 1685 1221 2806
1280 73 606 150 70 178 2024 2601 1764 697 1642 30 1427 1246 1781 2913 2176 2023
553 1310 1629 286 2747 1475 70 2023 202 1048 1764 2172 3138 1992 963
1390 2841 2341 3187 583 3124 2378 1217 2348 2869 1554 1357 857 1607 1735 1156 2112 981 202 2024 2424 299 949 257 1172 1528 1992 19 605 1219 2829 3088 2658 1154 1510 1427 2430 484 1368 51 1807 1337 219 2056 3240 2913 2814 2449 2228 1133 2452 963 2427 2423 2809 1785 1779 1364 1089 3122 2815 2991 1011 3078 1515 2375 3228 2026 2805 319 1152 1559 701 231 794 743
656 1788 508 2588 2077 391 521 697 2024 1368
1007 2458 2507 2673 1584 2424 37 521 1849 1764 1156 1039 19
476 1803 3034 2222 1770 3064 3202 379 693 1454 871 3232 873 1359 24 2566 306 498 2828 802 230 1806 2452 2131 653 164 1020 2562 227 1063 274 1886 3204 524 70 2424 2026 2024 1992 2512 963 1190 879 630 1785 789 964 1849 3239 1514 99 794 2837 2531 1427 2984 1476 3242 1235 984 2815 2615 469 1166 133 1985 2847 2921 2973 2786 1680 3172 1983 1667 3118 1791 973 267 2191 2965 1780 1801 160 430 2814 2182 747 231 687 2235 886 3170 986 1014
539 2927 963 678 970 3110 615 268 3027 2588 1172 1427 70 963 2759 1246 19 2024 2601 1156 706 1753 697 1528 1002 2469 422 484 1267 202 2424 2172 521
366 3227 1220 2024 604 1368 613 2984 2588 2563 1977 1011 2188 202 981 3242 2449 1405 1172
1273 2166 1111 2682 333 2731 500 1897 772 1959 2376 1416 2446 2788 1702 1638 858 3242 1540 713 219 1427 701 70 2512 2987 61 521 2461 3089 2929 2658 1785 1156 37 3126 3239 1468 1172 1541 1133 460 604 981 613 1070 2228 2417 299 1435 19 2182 3066 1526 2141 487 2809 2107 3228 440 2023 3240
1087 2541 2140 1891 66 70 2541 2424 1785 728 794 1764 2425 3053 2709
1157 1106 220 59 70 794 1608 604 1221 1764 3150 738 1094 713 2570 97 219 2172 1026 1785 2987 21
1361 525 299 70 2588 697 202
880 2790 1387 2424 236 697 1387 1368 1608
912 241 1144 1048 2601 2077 697 1681 1528
1156 971 297 2046 1735 70 1256 1048 981 87 76 194 521 2024 2188 202 2046 1992 1156 1133 1764 2172 1172 713 2626
719 479 330 435 3115 219 70 521 2759 2424 1495 1005 3242 1540 1528 435 2832 1427 1368 2628 2341 981
686 1518 786 492 3152 1093 252 1258 273 1583 2045 2001 2125 1764 2929 1156 2596 2861 219 1679 37 2960 2913 2512 105 487 1080 1047 1172 694 2461 2230 2228 1171 2825 2077 1584 435 1527 2179 1687 2469 1016 2736 371 3093
740 2349 3011 2875 2071 1104 3032 2687 2240 2044 1666 1204 3164 2601 202 1683 1608 1521 1674 1680 1368 697 3139 42 1666 984 1168 61 1048 3014 1271 662 1427 1985 1152 1764 326 1569 2967 794 708 2796 1256 1292 2176 231
1353 2973 2308 1474 1691 2439 2477 2264 2601 2001 1235 419 2424 202 1368 120 1171 1397 2026 357 858 2179 438 3175 873 672 2295 2200 2391 1156
1075 2858 445 214 2188 2024 70 2424 2601 2967 1528 219 1992 1309 1681 1840
274 3156 467 2430 2109 1716 1460 2398 3016 2094 2795 1435 2588 2601 1368 3172 2424 2658 75 2077 2135 19 2024 1764 2469 657 1528 721 1707 2449 1795
1298 520 1628 1665 889 2459 2588 2024 3002 1168 1992 2601 1156 1785 794 1764 521 2424 1679 2001 1563 1368 981 2561 202 2243 2541 1849 1221
305 1342 173 2759 914 1221 1368 2316 1715 1058 70 2588 1478 2024 202 1152 1569 1669
170 313 2317 687 2417 37 1785 794 981 647 687 2063 2270 3023 2062 2658
691 2312 302 1683 865 2724 2601 2588 2024 2424 202 3025 613 984 1295 981 1684 314 37 604 2795 2150 438 3078 3163 3036 1608
134 2982 1928 1439 3131 2396 1070 662 2442 1406 2680 1441 2588 1764 1368 619 2001 2424 1133 2172 2512 163 604 521 1681 662 2822 1221 1263 1026 2256 3242 53 2591 2140 1671 3138 1165 19 2133 1094 3002 1172 1879 631 25 697 219 981 2469 1439 2422 2235 794 2788 236 2202 2203 1563
1265 579 490 399 70 1764 2141 1996 2588 487 1172 2169 1133 2183 1454 1705 2621 2077 1368 3025 2469
90 1812 2522 3150 1685 447 3071 888 3170 2321 915 2424 3014 2183 1673 2814 37 728 326 1679 50 1246 2843 2913 2790 202 293 680 2469 1501 2546 2235 99 1805 2652 604 2595 2541 1943 3150 2465 2575 1153
1018 1073 2316 88 2601 2588 70 708 2465 1764 1709 2077 1073
991 907 1852 1060 125 3188 932 2480 2601 2512 2362 2026 1169 2772 1709 1483 1681 2882 1528 1389 1554 1511 2348 2678 763 734 1963 3172 1168 961 1504 3240 520 2673 1152 2235 2570 1781 838 2060 1747
814 1541 2324 52 1118 2184 84 1171 2364 2601 1368 1152 2588 219 120 991 3084 2169 1681 2541 1168 1013 2422 1221 42 734 981 842 1172 108 2736 1791
186 16 1219 8 70 697 1172 2601 2588 2804 219 2048 76 946 1785 794 38 2984 1427
1111 2171 1816 357 131 1864 1360 1601 1768 1415 2068 2230 70 1934 404 3147 2217 613 1372 2424 19 2973 1172 1814 701 37 1685 2771 619 559 1156 2967 3239 2015 1818 2188 2822 80 354 2591 711 1234 981 423 2367 1816
245 1194 2588 2601 3138 2403 697
10 941 2469 789 65 38 70 19 2588 1992 144 1261 2424 1010 219 697 631 1764 1368 1838 1026 3242 2228
279 575 1425 1506 1162 1973 70 1048 2024 697 1368 37
442 2145 2105 503 1299 2908 521 697 3147 2658
214 2805 1473 708 2588 219 1397 19 1368 3165 1500 3240 2601 1764 299 1964 2063 2295 3150 789 3245 2809 202 1172 941 521 963 438 360 2004 2790 1080 2805 1495 2820 613 1627 708
1036 856 2932 1221 521 70 1048 2601 2024 2424
182 1247 2100 2493 2424 3172 1764
847 477 1648 2221 790 375 2588 219 2601 3172 2424 2512 1715 202 984 2545 362 2235 1681 1772 1684
684 2602 2988 70 2424
1205 2536 587 3137 704 1317 521 70 2616 1553 2424 1559 1762 604 1427 3176 2658 697 981 963 314 2230 1049 2024
250 301 1562 655 347 132 43 979 183 3236 3058 2017 502 2559 282 2835 2279 1221 2588 389 2424 734 2469 521 3025 3217 1983 1578 832 1528 37 685 1002 141 2523 2182 1133 3114 219 2622 115 2364 2077 3138 963 2913 1866 2430 570 2817 2435 1627 1445
794 2812 1041 2169 751 984 1048 2289 2172 613 1780 542 2658 2024 2601 2364 1156 3025 1977 639 2040 1036 163 3014 1921 2077 2843 38 2984 981 1365 768 521
483 626 809 1026 2424 2601 1528 1764 2929 19 2024 981 521 697 2243 1372 2809 2172 3059
695 2081 563 1764 2077 1785
194 2018 1368 1172 2658 202 697 2069
816 1184 1967 1715 1172 1368 1528 1665 2857 3150 1846 973 2243 2621 2144 671 3002
407 2461 1630 2461 1156 1764 2601 2588
679 139 701 2601 2001 1292 2461 1048 202 3172 1764 469 2950 2736
984 744 335 876 1366 722 1300 2449 3020 981 1569 2172 1156 2821 19 794 38 3240 871 521 2227 697 2189 1924 2604 3191 1528 1554 2546 2967 2762 1553 789 2247 2593
968 1662 906 1149 1529 2737 2025 1636 26 184 1280 1566 766 1986 318 3242 2512 1094 1764 70 2172 1992 2546 1427 1785 2658 1264 255 3144 2243 2364 2168 2228 1680 371
57 2226 1671 1837 806 158 2813 2342 853 77 2761 1549 1734 1525 773 2827 1851 367 1374 2720 1952 70 2822 61 1153 2383 659 1368 1495 1538 2076 2432 1528 2012 392 37 789 410 1646 1785 613 1047
1105 719 1263 2588 2735 70 1026 2024 2658 2227 794
1084 677 2672 2453 685 1119 1239 1900 3044 3180 613 2809 1171 2172 2601 255 1165 19 2588 2424 38 2575 789 1168 1992 604 141 1681 1985 713 299 3240 1627 1292 2056 2109 1427 1526 1433 1368 218 1156 2595 469 3089 2530
846 1540 144 2425 2625 2424 2804 2588 2375 1528 2469 3020 1230 1540 479 19 2512 1521 669 1764 378 2626 2077 1791 2590
451 1388 44 534 70 19 1427 804 2790 2023 3172 1221 2570 1785 1504 981 1985 1368
269 858 1597 2478 2001 2601 2512 1263 2588 2243 25 1368 1048 2024 2964
122 11 2820 2550 1004 2601 1242 1221 532 1528 2127 1427 2024 202 604 1681 2982 1684 674
638 3144 2662 2669 376 2758 1700 370 2006 2393 2601 2626 3185 2975 70 701 2172 3021 2588 1764 1094 1887 1427 2414 2843 1808 2469 2913 1735 19 1510 794 1536 61 1992 1498
787 1453 2601 2588 70
328 1668 1761 70 1764 521 2024 2424 1373 202 1168
1300 1015 1735 2975 995 2424 391 2235 2601 222 70 2588 2012 1764
583 2921 1427 2424 1172 70 1764
709 562 1221 2424 2601 1992 2587
1219 726 1569 2609 62 70 2424 219 2172 1368 1613 1715 699 2308 2122 963 1427 19 2820 678 835
734 630 829 2588 70 521 1764 697 1048 662
217 2583 1497 455 2588 70 1785 2424 794 202 2031
631 2223 291 1703 2410 1648 2988 37 2960 202 2469 1681 2422 1156 2658 521 1764 391 2601 794 2809 2565 604 15 1075
172 2069 2962 759 627 909 2464 362 2325 3244 327 2979 546 2618 1200 2020 697 2172 2588 2601 613 2410 19 2984 2913 2806 1229 794 1500 2182 2230 3025 1785 1221 219 616 2483 521 2611 2281 2056 1123 1669 2358 1559 1026 1427 1816 2417 103 2546 1827 2577 1528 2023 1048 2849 1011 1133 38 37 30 1246 1681 1387 1756 1970 21
515 1556 1277 2748 3191 3112 216 135 1820 2377 1841 411 2872 577 2220 1764 1048 2973 2601 70 3175 2107 1427 2424 2422 2454 1679 1470 1681 2987 1171 202 3191 411 2799 3059
392 1798 2024 70 2588 2424 1171 1368 2811 1048 1785 2481 2601 3166 678
802 2350 960 2373 2120 2239 1992 70 2601 2843 614 1048 231 2809 697 1681 3166 1504 1528 521 2469 1171
342 1853 2045 2929 2588 3172 1048 1681 3142 1785 521 1388 2822
979 1527 1421 1482 1574 70 2601 2588 697 2424 1171 1794 2470 2225 74 1627 1221 1335 1785 2172 2809 1681 2913
651 767 1722 1171 3172 2601 1627 1247 2024 2843 37 1368 2186 3002 2172 1992 1975 2658 2530 2188 521 1133
1119 1659 491 3245 2424 2588
764 2843 436 792 2601 436 2588 1764 202 1285 1221
263 1135 474 624 1449 981 1427 2588 604 1679 2188 1368 1048 219
1214 1140 681 2842 1505 1361 2639 1048 2601 2588 1670 697 299 1368 1423 363 3059 963 1078 197 38 604 3002 76 2101 1764 35 408 1964 2545 1498 843 1412 521 2541 613 138 1219 1094
535 2822 2698 70 614 1454 1764 794 1785
48 2157 2232 2270 1978 1347 2710 2162 1872 2822 2162 2588 2601 2046 1246 521 1427 697 1168 1785 788 614 310 1677 1685 2534 1221 1819 461 981 1235 1977 2947 205 2967 2970 1172 2574 2541
459 2721 3240 311 1519 406 1296 1292 200 1386 458 1330 493 2152 2424 70 1168 858 1679 3150 2815 2225 2588 2235 2186 2809 2696 2183 1368 1785 2014 2172 3240 25 1541 2179 19 2313 2913 696 1473 613 1510 3007 2790 2044 2023 657 2859 963 277 1257 391 1459 2930 3059 1780 1584 2169 1330 202
151 614 2424 2601 70 1764 697 1427 963 2862
911 1593 257 70
1100 1979 797 215 1380 964 828 912 2515 542 684 3097 2026 2424 2077 1515 795 2347 87 794 2608 1681 1704 2806 116 2076 981 2101 1427 604 681 2857 446 1047 1428 2636 1927 219 1026
1068 1610 358 1232 638 31 3053 2870 2236 1404 70 521 697 789 1172 2955 2023 222 2024 3228 2790 2172 1603 804 2815 1608 2545 285 105 2938 1592 1120 1260 2595 2182
314 1763 1844 1678 2448 1436 2679 1963 3195 2438 2997 2050 2217 70 3157 1528 2712 991 1681 1627 1189 981 499 2255 444 1540 1984 538 1500 2023 314 1631 988 3240 3139 1229 1094
867 1599 1496 1120 2674 1077 2034 2770 2072 2819 3182 1328 2522 2843 1048 2674 697 1764 3244 1368 38 1588 1992 219 521 2601 2172 1427 2295 173 1171 3000 3172 735 491 1172 2379 2967 2790 1257 2621 255 2383 2658 1122 2449
378 169 2422 3124 2658 2601 521 469 2097 2004 3242 1712 2244 2913 2763
18 2810 1271 1016 2473 1495 1510 2469 2424 1156 1026 3147 1788 1048 1681 1510 1427 1992 2913 2026 794 1168 2235 2658 1679 343 1172 2546 1764 3138 2077 3126 1368 1627 1677 2622 1002 1785 1495 166
555 1673 185 2601 1681 70 3138 931 1048 202 1454 1189 1026 2469 605 38 2424 2588 25 1156
861 2191 886 1557 231 2601 521 794 1156 1368 1048 2024 1681 2984 697 1172
728 3090 1197 521 2588 2574 1368 1528 19 2601 1680 1310 2424 2984
458 663 1919 3190 2290 317 2024 2588 70 713 19 1764 2228 2795 697 2169 1982 2821 1397 202 2186 2172 138
640 2882 2986 1646 1368 521 3240 219 2809 3150 2024 1048 1685 2435 443 1927 1221
473 1082 136 1785 973 3242 2588 1427 789 1992 3172 2024 697 3138 2422
1379 1793 1490 2886 808 2172 356 1563 794 2175 3240 2825 632 1226 38 1026 2670 344 677 2790 1292 1096 2398 2572 1427 3078 1985 2915
72 3037 2126 895 818 1623 2488 149 1019 2830 1368 1427 523 2182 984 963 219 3002 1171 1802 2077 1992 1166 536 2786 2575 2790 2145 1642 2875 1985 1608 2546 2818 2176 498 2626 798 1735 3059 794 2809 2228 795 2827 487 719 80 2742 19 64 3165 2946 2815 314 2820
1171 2942 2256 1528 1764 2424 2601 3014 1048 1735 219 3142
1338 591 1368 70 2658
493 2695 2309 70 2588 2424 1427 521 2469
1365 877 2570 70 2601 2588
767 2472 2601 70 1764
1109 2825 1427 2588 37 2601
799 755 2769 1467 1674 1394 374 2138 1368 3240 1992 2172 70 1764 3078 2601 2139 767 3093 202 2024 2814 1221 2809 219 604 2929 1026
1222 1268 935 760 100 1153 430 1113 3065 2181 1410 999 1074 1224 2172 1368 721 1528 38 2512 3150 2805 1672 1563 1215 697 921 2675 3122 391 1992 25 2790 2715 1038 2820 4 734 61 1695 2589 1608 2347 240 1307 1283 1171 2585 2469 1205 831 2591 19 310 1153 1808 1246 2094 2009 120 2176 2458 1234 2122 509 789 2129 446 2913 482 2449 704 288 2929
336 580 1283 1102 827 2172 202 1172 2601 1764 1168 1673 2449 2424 3185 2001 521 718 19 789 61 460 970 1283 1762 1705 3131 662 444 697 1928 963 964 1902 2060 2591 2238
1166 1532 1962 109 2043 2329 1960 1561 70 219 2588 1156 25 1541 2804 619 1764 2309 38
900 1035 1863 414 1468 2395 1757 478 1955 3005 2601 924 2588 19 1992 70 2026 2424 1368 3138 3083 3179 1764 963 1221 1171 1735 231
510 691 2707 2344 610 1480 70 604 1992 1368 411 2978 1322 3239 1427 1504 1497 2024 2804 1453 2375 202 799
916 564 463 2420 2884 496 959 2400 1876 112 2509 665 2079 372 486 481 1026 70 1964 19 2014 2588 2230 2843 969 2709 662 2424 984 701 3134 1681 2799 65 1163 1368 3138 1880
851 1448 1354 2167 1810 903 1341 2174 1185 512 38 1644 1172 1764 2658 1577 202 2424 2992 255 3025 628 2024 219 963 2009 314 1992 2984 1156 2077 981 1528 1627 2182 469 1221 2279 2570
1226 2491 2588 1627 2913 70
738 2070 1327 239 1147 2399 3054 2038 2588 1048 70 2601 2172 1156 2424 521 1558 1427 1764 1681 1368 3049 1172 824
889 1378 908 1759 90 2768 70 2700 733 2172 138 3025 1785 2790 1234 697 1827 2849 2158 1504 2188 2182 1559 1753 202 1172 2175 1246 1368 2913 61 708 1846 2987 314 1080 1819 253 538 2449
482 1298 38 2588 2601 1735 1511 2833 1681 613 2172 7 2188 2967 2148 1255
765 1167 37 2077 2809 1764 1172 2023 2913 2189 1167 975 1427 1540 2424 2618 168
322 2575 2684 1195 1811 2468 1048 2991 2601 19 2469 1246 662 1748 2197 37 1764 1172 2172 2809 1133 1744 1768
817 2011 879 1815 1305 2053 2192 557 962 1172 2172 1764 2424 1168 1681 1427 2461 1992 2024 1785 1801 2228 2984 1707 613 973 3172 1220 2809 1368 1026 1642 3059 1256
703 1772 892 690 2024 1764 521 2601 298 962 1167 1221 37 2755 384 1002 3127 2912 2026 981 2542 1246 2430 2232 794
41 2164 2601 70 1368
116 1418 70 2588 1221 604 1559 3059 521 1427 522
804 647 2699 897 819 70 2069 794 604 19 419 701 1661 1681 2417 1930 2658
1043 3209 848 2424 2588 697
1315 1660 2084 2771 778 2588 605 1764 2024 222 19 2056 779 273 2561
184 15 3240 1048 1253 963 521
435 2800 3203 2601 1427 1048 2062 2805 2821 3001 3002 1764
641 2056 2534 1220 2700 1758 1368 2424 19 1681 794 1679 3139 2026 1168 408 391 701 314 2913 2348 2414 2622 1705
563 1159 232 2249 2601 2424 2588 219 1221 521 1427
1201 3073 127 2207 2424 70 19 1048 1221 2430 1764 1785 1846 986 1133 2014 697
1217 1393 2542 2060 1172 2601 1163 827 981 25 2967 3240 219 3079 2595 1925 1528 3138 3059
1128 2670 459 831 2887 2816 2601 2449 1133 1368 19 2024 1642 2279 3239 1152 38 1681 1172 1685 219 832
827 3239 1547 2601 1172 70 697 2588 236 1764
1360 3160 2424 2601
1089 1925 2588 70 963 521
1310 1500 1397 2913 70 2588 2595 3172 1368
1224 1545 2849 2007 70 2172 21 697 613
1144 1804 3001 2414 1964 3096 1679 1368 1151 2588 1528 2984 1048 2469 2414 2024 1246 1523 697 986 1427 460 1133 219 270 2139 789 3240 794 657 405 2536 1172 2461 17 1221 469 439
1336 1372 2135 2454 2235 1764 2469 789 2026 604
996 2646 1137 1896 658 70 2469 2601 1221 2317 2023 1246 697 2188 2024 1135 777 42 704 713 2422 2542 346 877 2172 1553 21 2235 2048 202
1138 71 2854 603 55 1064 3151 2546 1147 1764 2062 2512 899 697 522 2718 1521 1627 1679 2141 2191 2243 2077 2637 1156 5 3002 1528 358 2570
352 582 415 2585 30 1221 2024 2026 1764 202 2424 2449 1785 1026 1521 1059
466 425 3042 1679 2601 521 1168 1152 2424 3240 1785
266 1351 2093 862 1901 1966 2411 1026 2658 2424 2024 1048 50 2811 1563 2313 649 2843 1016 1684 1168 735 2541 807 19 2375 2182 135 657 2228 21 538 963 2975 1505 605 2940 3106 2279 2622 1528 2192 2772
9 2990 1996 517 302 1764 70 2588 2601 19 30 2622 1756 202
189 2394 1750 70 1048 3172 1764 2833 2424 2601 1314 2469 1627 3116
315 810 1028 2548 1160 981 202 2023 1735 2588 2424 2601 460 3172 2663 1392 1681 2837 1221 2383 2132 2843 1048
1267 2151 2659 36 78 30 70 2984 2172 2424 697 2601 1764 2588 2663 202 1734 2675 1427
790 1289 1868 2717 160 340 1172 1735 794 192 2063 614 19 2805 1133 2172 2238 2825 2545 963 2023 767 2383 2026 2790 1368 410 3150 2469 2530 2762
409 1679 1715 530 440 1368 2424 2077 2052 2044 2658 1925 1498 19 2601 1679 2821 789 3078 219
163 2211 2024 1368 1048 2172 2469 1764 3242 794 1780
19 2297 770 2083 2901 1764 19 1171 299 2103 1427 521 1152 1168
105 1721 2099 2320 1829 1368 1961 202 2512 2228 1048 1785 2595 1427 2172 2469 1221 80 1171 3025 614 2820 1753 172 3078 1541 667 2658 2097 789 1133
348 3215 1011 300 2790 789 1048 2424 219 2025 1427 1368 2024 2658 2809 2541 552 2422 2023 3138
1355 3002 70 361 697 2172
888 1528 437 202 2430 3145 2601 37 2449 1528 391
1403 2104 1684 2165 70 2588 1048 1427 1133 1764 202 380 1168
306 2186 2172 2601
412 2991 70 1221 1048 2001 2601 2436 2991
59 534 2424 2588 987 50 219 662 2658 1368
237 1608 981 2615 2601 2424 1764 1368 202
126 35 872 518 3015 761 2588 1661 172 445 2026 2967 2469 696 299 2024 352 482 2621 3025 1608 2230 3003 2658 2077 2929 1168 538 608 2908 1316 1707 2295 2023 1107 2435 2043
1391 1598 574 156 2134 3106 2182 70 37 2591 219 2601 963 2189 2588 1368 1220
652 1392 3008 283 70 2601 2588 3059 37 879
569 1435 1575 555 2032 697 1623 70 1764 1575 19 2024 2601 2805 2172 1528
244 2578 506 2353 2047 1068 2137 70 1368 1764 794 3242 2809 1992 3078 460 991 2015 885 2186 445 598 2820 37 2715 2856 2615 1785 1427 2316 621 3132
793 197 1031 2588 521 1171 3059 70 2469 1221 2843 1048 2295 697
1000 2224 1764 2424 2169 202 697
836 305 2 1550 1867 76 1314 2588 19 2026 2024 2424 25 2172 631 2541 1048 202 2469 1756 1094 2367 2805 1735 697 1553 1627 2663
1269 749 2716 860 1958 2172 2424 391 2658 37 2461 1450 1171 738 1785 2809 1529 1172 19 1510 3150 806 1133 604 1427 38
671 2711 70 697 1172 3025 1764 1673 202
340 20 3075 70 2188
841 2889 1171 1744 586 70 2601 2536 2424 1368 988 986 1221 1735 713 2658 1048 1171 701 1849 1785 1788
993 3126 236 763 2645 202 38 1246 1368 2045 19 21 2024 1048 1785 1753 37 1735 2815 469 2186 590 199 2574 25 3138 1221 2225 2598 789 1364 2235 1163 701
124 208 93 70 2588 1048 521 1764 697 1368
137 226 1731 881 910 963 2601 1681 2172 2077
995 2269 1785 299 2984 521 37
571 3000 2709 418 1293 1331 2588 678 37 70 2601 2424 2188 2070 38 222
387 702 2182 310 70 3025 1681 697 3005 1992 2182
149 2750 3114 1368 2188 2588 1764 37 1427 521 38 2014 1679 2658 3130 2024 713 697 516 789
1118 1713 2601 2595 2014 3003 49 1168 2601 3059 1764 2187 3172 2588 1171 2658 2144 1368 19 1992 2469
1257 431 713 2658 2469
797 3166 2906 2850 953 1368 70 2601 1427
179 2877 1096 1030 1408 3223 2504 1790 2424 3059 1592 299 1955 3240 2601 2913 538 1500 19 713 734 2588 1705 1748 1368 1434 794 2435 1679 677 1661 3203 2469 2788 674 735 2125 2188 273 2822 2577
25 2814 1339 1764 2588 2424 70 1686 2601 521 2403 697 1168 1235
6 3085 3021 1427 70 1642 2158 2815 37 767 1785 192 2261 3138 1368 2949 2913 794 202
953 1100 2382 1318 1040 1329 2588 2843 2270 3138 1764 1985 2601 1780 578 521 2465 981 166 2790 2834 2818 314 3239 3002 1427 1785 1543 2660 779 534 794 1172 2103 3242 3054 1153
1136 1122 2956 2789 1754 521 2062 1368 1992 2424 2026 662 2011 2052 820 1685 534 2657 1891 641 37 487 2435
669 2141 1427 2601 2588 2843
114 927 3122 2424 1764 2601 2000
702 1535 405 3022 2253 2440 2023 1764 3002 70 2825 2588 521 963 981 15 2806 314 1048 2172 1049 773 202
171 2763 3005 701 2424 277 1368 1221 2122 1764 219 1501 15 19 1627 1677 794
31 1377 2525 414 222 1026 2790 480 2424 521 739 1047 2821 1246 2889 2736 2698 779 2049 2469 2950 3014 2809 613 2125 1521 2735 2023 1171 1545
437 978 3076 1956 1589 2469 2601 70 219 2588 1681 1427 2422 1764 37 1172 1026 2981 2591 1048
249 2653 833 1769 2213 2937 1146 70 2024 2424 1679 1427 1368 1504 2913 2708 2833 973 287 2990 1627 2658 3233 3074 879 2633 2062 3150 2978 1488 2973 971 738
1044 2899 2460 70 1427 2621 2424 487 1271 2141 1681 2422 202 1156 1529 2183 1368 2176 2150 1172
1406 2593 2939 2867 1498 37 2575 1047 2991 3142 2077 3066 1427 1510 1681 1553 1515 1785 963
307 1391 1489 2136 1222 1244 1290 2569 918 1934 27 1296 70 2469 2832 2460 37 1048 1049 1427 19 2843 1168 2592 460 314 2026 2629 728 1975 1553
288 3175 2009 2024 1413 1172 963 1785 2788 2424 1427 604 3185 2449 1246 2422
541 2611 1462 728 2936 2358 3222 2039 528 913 2903 1221 973 1166 195 2424 2588 2955 460 2139 2814 2989 1540 451 3081 487 695 2039 371 2055 728 1554 963 273 1368
406 2712 2616 1720 70 1528 697 1219 3002 1681 1427 415 219 1992 2172 1764 701 1798 2461 1635 172 1785 38 1171
1033 834 427 1266 2110 839 1221 2024 2512 70 1235 986 2103 1168 2483 2076 697 2026 2420 1114 1172 2828 8 1048 2519 21 1368
724 94 2943 1653 741 2298 436 2588 1048 1156 521 2449 2228 19 202 1889 1133 662 2186 2172 1685 697 1172 163 563 2026 963 2077 1504 3014 1246 30
1198 409 573 1640 2588 70 697 2979 2601 2045 981 604 1681 202 1458 1722
396 1466 1587 697 1764 219 1427 1048 2424 2461 2806 2422 794 2172
605 2469 70 2469 3002 2601 2658 1681 219
472 1314 608 2180 1190 348 254 70 1679 631 2024 521 2243 2601 1992 1504 2235 735 1526 1048 2513 534 1584
796 1602 1062 453 2391 2980 2424 1764 1156 2601 2026 1048 482 1985 2658 2469
331 2799 2760 2067 70 2601 2183 728 613 1764 794 38 2077 1427 202 3025 1769 3242 1608
951 2337 1624 381 2114 976 1533 2013 1172 37 1133 2570 1528 2422 2499 483 2397 2417 1268 1020 2398 1667 163 2621 2707 2784 576 2060 2857 563 1163 756 2014
457 1689 1142 929 2588 2913 2570 19 1707 70 2601 1528 1677 1608 794 734 2896 2024 2809 2658
522 558 70
118 1642 1084 2601 70 1681 1368 2172 604
519 192 1866 70 1171 2077 2809 2422 697 222 1681 986 2843
1302 1884 847 2839 1396 219 70 37 1368 2001 1985 697 613 1679
965 14 1789 115 1172 37 70 2658 2574 3059 108 1242 1871 1221 202 1156 697 1309 1167 2575 2436 3172 2424 2563 2616 1785 3242 2228 963 2591 2183 19
1229 3089 793 944 2431 2601 202 1427 2225 2024 70 37 1735 1756 1788 2424
744 1447 2630 1992 794 3014 2537 19 2422 1080 1681 1427 2172 1764 1528 521
875 162 3157 2242 1087 3134 2381 2433 2055 993 2730 2634 2026 3059 1495 697 2431 2512 2790 1229 2183 19 1002 1368 794 236 1507 2024 36 2975 254 1890 440 2188 1762 2370 2539
335 3161 3155 70 2424 19 1764
7 2250 46 70 2601 1764
632 621 1563 1248 3088 1581 2424 1925 2024 3245 1203 2859 1427 607 2908 1681 1133 1750 1646 1172
675 1138 731 3087 210 111 1912 2179 1862 1906 3183 2172 192 70 731 2424 1010 2929 305 2991 2077 2024 805 3093 1764 1048 1156 1681 219 408 631 2822 202 558 2546 864
103 2033 2336 1938 697 19 2588 794 70 2186 2424 1048
1256 3103 2546 2424 2913 2658 824 1152 208 558 685 312 3093 963 391 185 2453 1427 1528 986 1977 713 1521 469 1256 37 1048 1992 181 25 2422 1391 1309 138 1685 1968 97 2815
639 307 639 1838 70 2424 1368 2658 138 37 1528 2235 1985 2270 2237 730 2024
870 504 2340 966 70 2601 30 2424 2172
815 1407 1704 1484 1613 2552 248 643 3086 2995 1656 1027 2693 1520 2296 2601 2024 1765 2424 219 1528 611 1600 75 2590 299 2266 1246 120 697 87 1518 2917 3014 618 981 1156 3020 469 989 812 2432 2595 473 2934 50 2182 455 1061 1630 1171 606 2825
1392 2846 1570 1048 2790 2230 2172 2824 521 2588 604
1150 642 3200 70 1764 2588 1368 2424 589 521
593 1381 148 641 1764 2424 70 987 2818 1968 1048 2419 25 697 1156 3242 1407 1226 314 2191 1171
36 2384 2276 680 2246 1992 460 1764 3193 19 2135 2570 43 1964 1715 2735 1515 2396 1511 697 3002 521 706 3169 1753 892 654 2832 1397 2348 2449 1785 1466 219 2454 88 2465 2056 1563 25 2279 524 30 65
453 1917 1927 211 2467 2483 70 1172 3138 1681 962 1048 3166 3201 202
1038 2832 2588 697
191 410 2283 1272 1171 2601 255 2979 70 2588 2182 37 2024 1992 1665 2595 2987 21
622 1276 262 1201 70 2588 1764 2591
485 1127 1785 2588
1161 366 37 1048 1427 2588 3150 1764 1221 1528 521
525 1940 2765 846 1920 1409 2445 2369 56 2588 2790 1171 1058 1528 1526 1368 2451 2665 2023 2815 3165 2125 2048 1453 432 1387 1827 1048 1992 602 2015 2877 3192 2272 1779 965 721 2279 1500 618 1187 1235 2403 3099 1642 2857 1725 2658 2516 1617
260 3010 233 2588 2984 2169 1147 2601 1992 3157 2456 1292 2230 435 2809
1160 1370 543 794 2601 2588 1764 1048 2228 2449 19 219 1705 3025 2663 2843 2235 2658 1514 697 3059 1253 2975
1351 432 1438 2752 2704 2095 622 1428 1368 1221 70 1602 2077 973
449 2862 3148 1548 1675 1108 746 765 2048 219 2512 569 3139 2172 1047 415 1519 2188 2023 1681 968 604 2279 1256 1954 1133 2822 601 243 269 2422 2846
772 1600 3036 454 2636 2588 70 2790 589 2984 314 487 1681 3141 2424 2917 2503 1996 202 938 2026 1756 3245 794 1221 697 1764 3172 2825 3002 1951 1427
1076 522 70 1048 794 2820 2588
1330 223 697 2601 1764 2424 19 2588
758 2946 1427 2186 38 3002 219 521 2422 1228 1679 2024 1707 19
127 2735 2848 981 2183 697 2601 70 521 1271 2588 701 1764 1048 51 2009 2424 38 1150
1389 1929 1443 318 2588 697 2913
1279 2248 2571 3060 70 2601
280 294 697 1048 2588 2601
21 1968 389 1736 3120 3150 2601 1528 2984 1715 235 2024 267 3242 1705 2658 2820 1433 738 986 30 37 2125 3059 202 1217 2616 487 701 21 2015 604 997 2825 1026 613 1002 1788 2874 2355
854 314 2172 2243 2424
381 2203 2519 2379 2237 1799 2090 2601 25 1048 2588 2975 2436 1681 1764 991 981 2541 3143 2026 2225 1427 2843 1715 2024 2238 2144 1171 231 2188 1528 3172 2978 2172 219 614 1002 1047 1221 1156 30 21 299
858 1080 2231 3066 1048 70 2424 1764 25 1528 2512 521 709 2279 981 2929
637 1010 3048 3127 952 177 368 2188 1256 2381 794 2026 1048 1619 1292 124 1685 2654 2991 2984 671 264 1575 963 30 410 1010 3078 657 1156 2141 1497 1500 604 3048 3240 2077 1165 1208 2621
1285 1008 1879 1680 1976 1097 752 70 3002 2023 2843 38 19 259 2235 2077 521 697 2912 1540 37 410 2422 785 2539 973 1368 2967
203 611 1288 1725 3174 3184 1427 219 2024 713 2469 2601 1220 2820 697 1516 70 2424 1681 521 1048 1569 701
142 2470 926 99 2741 1323 2734 984 2601 2424 2588 697 1292 2172 2621 202 19
187 616 373 1465 1212 1658 1302 70 2588 1166 697 1168 112 202 642 2172 1221 2103 2169 1427 662 734
547 2476 1528 2601 2658 70 3150 2469 697 1764 1427 219 522
255 2304 618 1397 842 697 1133 1814 2461 2183 2424 1540 1703 2435 2658 2024 1679 2133 1153 3212 1156 709 963 16
567 885 1424 2894 2890 2780 650 403 37 697 2424 1368 2546 1151 1624 1827 2929 2941 3025 2991 3165 1354 734 794 2342 435 2809 202 3138 2658 138
1113 2383 19 70 697 2588 563
299 1652 2793 110 1253 521 662 697 2658 728 2588 1156 1172 1764 202 604 1705 1788 1427 19 444 2956 2023 120 1010 46 1264
990 1730 1368 697 70 2588 981 2024
256 1514 2113 497 462 1260 1368 2601 70 1080 604 1855 1008 219 97 3124 1172 1528 1170 1355 1152 333 2422
1311 2539 2247 1509 1579 143 1375 2954 2832 2449 2804 1501 604 219 1764 254 697 2172 2077 1500 2825 2601 2060 1992 747 1368 2228 2658 2469 1663 767 2561 1208 1221 2843 804 1234 276 3179 981
1164 285 656 2650 2971 612 70 2023 1168 2626 1133 2424 2588 2825 1048 2987 50 2353 19 2595 2541 1753
957 2322 251 535 754 1143 3123 2424 2987 1221 984 1608 3235 2297 1515 3172 794 1528 1360 855 734 2183 2179
670 1849 2424 1253 713 2588 2186 2566 2658 2601 1048
439 153 878 728 70 2588 1785 219 1235 878
893 714 2469 70 960 2424 1173
373 3099 743 2588 642 2449 521 1427 2424 701 3175 314 1563 1309 2622 1528 2601
1243 3093 2588 70 2424 697 2601
574 276 2588 70 2601
1377 1943 521 2424 2172 1801 25
1176 178 2214 1511 465 1153 70 2424 2588 2230 1681 37 2601
964 2125 1156 2235 2588 70
422 2818 1551 1577 1124 1622 495 725 70 2970 697 37 94 2024 1681 2424 1256 1368 219 255 701 548 2984 3172 2975 1334
251 1894 70 1368
1239 2319 1688 2897 2424 2183 1427 1152 1368 1540 1501 521 436 1048 299 2595 2843 1521 2469 19 762 2023 2398 1735 2243 1827
146 1053 2706 2078 2190 2424 3129 1705 2912 1221 333 1292 2967 1992 534 3242 2825 613 2427 202 400 558 2276 3241 1863 2809 3059 30
60 2449 70 2024 1764 2449 832 2172 1785 794 1540 1368
1281 1780 2065 2424 70 699 697 19 2601
496 1913 2303 202 2588 70 1764 2913 2601 521 642
68 2660 354 1263 697 2296 2588 2026 2424 604 2172 2759 2188 3059 986 19 2024 1048 2822 1764
967 299 1303 383 2101 2749 803 697 2601 1171 3080 202 1368 1685 1321 1172 2960 2469 2104 2012 1849 2730 1047 2026
923 196 2424 70 2024 3172 2601 2795 697 963 2913
1060 939 2172 1764 70 521 202 2424
1376 654 70 2191 2601 1427 2424 1387 2588 1764 1785 37
806 946 2902 2601 2424 2172 2809 1171 219 2849 1292 1538 1661
461 1965 1696 521 2601 1764 25 1133 734 19 1172 963 2279 2967 1387 1785 2172 2430 314 2913 1427 38 3078
239 789 521 1156 1171 2967 1427 219 202 1932 469
233 2215 1681 2925 202 521 697 2469 613 3245 1172 883 3240 19 1673 1669
82 536 2844 70 1368 2024 1171 1559 1500 19 1764 2700
1318 205 1808 2926 429 566 1048 2424 521 70 1764 1427 3172 3138 1673 713 37
989 3098 2469 2541 1172 706 1368 1764 2967 1221 2658 2790 1543 2589 1168 1133
418 2436 2809 138 2024 1504 697 963 2001 521 2984 391 1681 1263 202 734
1381 1838 1778 775 2880 30 1094 2588 2601 3242 3214 17 3020 1967 521 3186 1495 794 2465 2383 604 2658 2228 1608 1368 222 2512 1048 3175 2004 2461 1156 2546 1221 2281 2422 2372 2077 531 1011 1730
1035 1224 1427 2601 2806 37 794 2929 2967 604 1368
470 2168 2588 2424
1125 3230 70 2541 2601 2424 1427
394 811 2516 1047 1951 697 1048 2424 2622 1368 2801 70 3002 2461 1679 3142 794 1764 2913 2601 2014 3093 2172 2843 1094 37
1099 997 2601 70 2424
683 1625 3109 3172 2588 2424 70 1764
252 916 671 521 1735 70 1047 1048 3059
680 541 70 2601 697 2424 2077 2588 1171 2024 614 1608
1177 954 1165 1081 1785 2024 1219 1584 721 697 2588 954 3002 1791 1764 2601 3142 1197 1224 2469 366 2169 1221 2809 1246 1397 3242 2820 2465 957 1368 685 1427 30 3025 734 2422 1002 1951 1528 25 2735 1235 2211 1545
1145 1695 3139 0 986 1281 70 314 2601 2258 2588 2172 2621 1048 1753 202 1256 1627 1171 697 986
859 1221 19 2588 70
1028 2001 3025 1501 2424 2588 70 1048 222
500 2486 567 70 2601 2299 2588 2424 2077 1992 496 408
1207 1951 2406 70 1764 219 168 1048 1779 87 2004 697 1752 678 148 613 3172 1168 824 1529
825 1728 3074 396 2626 2790 1172 2235 2172 1206 2588 2601 678 2062 1171 37 2398 2984 2804 613 2422 144 1427 604 3014 1540 697 1002 2809 794 356 236 1786 1048 435 1679 3235 2591 2545 713
69 2764 1765 1221 1764 697 3138 202 1686 219 794 1504
384 1644 2651 70 1427 2424 1627 3216 2023 1368 1168
1254 64 2510 1444 2117 3063 1987 2028 2469 2601 2445 2134 30 1026 521 1221 2847 1764 219 2398 986 2849 1715 2790 3242 2843 1203 257 734 2595 2785 2335 2840
592 272 2998 2915 113 70 2588 2658 2601 963 202 2424 1764 1528 697
1242 3178 2783 1718 499 2601 1080 2424 1163 1368 2048 2023 604 1975 2056 202 1450 219 3172 1785 19
986 1306 3081 2785 1340 1152 789 2469 3059 794 3172 97 3048
546 2824 1368 2601 219 1427 1753 604 202 1709 460 963 794
735 2910 22 1909 2558 3038 652 2123 729 1592 3150 2296 2601 2172 1943 2424 606 469 734 2121 2176 1309 1026 2199 2815 2367 1684 1171 534 479 677 1168 2420 2731 2422 2859 1737 2534 2164
781 501 514 2367 607 633 1828 2338 120 2512 2009 697 2172 2424 25 2029 95 2658 2183 3244 75 608 1764 2023 462 3240 217 1094 2031 414 1540 928 691
139 438 246 92 1586 2817 2424 1496 1764 984 1553 2843 2601 2715 1427 1679 19 521 697 2230 3172 1785 1705 1047 64
259 279 884 3113 513 3154 70 1642 1879 521 487 981 2832 3126 2243 1013 1048 2316 697 25 2183 30 3242 1368 1737 1600 2513 794 2843 1151 3014 1762 604
872 2628 2408 1003 2037 2957 436 2601 2987 1427 2790 1528 2172 697 2424
920 636 988 247 70 1427 2601 2801 697 1764 2172 794 19 2588
828 41 697 642 70 1785 2601 701 2172 2595 25 37 794 3002 2988 1528 1221 2469
819 1582 3185 1156 202 2469 1427 1648 1368 521 2913 3185
1233 3061 3059 202
1236 3031 2658 2601 2588 1764
294 2565 419 2292 3059 697 15 1427 1888 1172 804 2449 959 2658 1152 2424 1679 1785 534 2973 460 3242
947 1307 2169 202 2425 70 1785 521 2601
980 727 2424 1427 1769 19
739 1058 794 550 820 1992 2913 219 3138 1500 1127 1172 2001 415 17 2422 981
1115 762 1779 1368 2588 2424 333 1785 2014 521 196
330 263 47 2601 521 1785 2424
474 768 2024 2422 108 2279 1368 1427 3025 2364 1992 2809 1688
589 42 70 2588 460 37 35 202 2913 1402 2829 2591 2172 1048 1228 2843 1156
223 1647 2424 70 2588 1048
701 1446 2601 70 1703 2424 3078 697 2902 219 2230 1661 794
264 2482 1267 2691 1383 1057 1546 3025 1624 1150 487 2465 3059 1221 2601 1368 706 1528 2658 1171 948 697 1681 38 2461 806 2898 435 1156 312 202 794 1977 1673
357 2216 70 19 1764
161 1367 2409 426 2598 554 1992 2588 1172 697 1681 609 70 2601 1038 984 3059 2539 2658 19 1368 1764 2843 2424 3230 2503 3239
296 2418 387 1171 2913 2588 1221 2658 521
604 1459 1971 1168 19 70 202 1048 2601 138 697
1130 2694 2581 1036 2228 2601 19 2186 2975 1563 1705 1683 1553 613 1943 1393 973 1036 892
490 2837 299 70 2601 25 2469 37 1510 1528 2186 38 1171 2235 1681
1341 2121 2172 2424 3059 2588 2469 1764
905 782 70 2469 2588 2424
942 1664 70 2658 3002 1673 2588 3228 2424 521 1203 1559 3240 1627 1171 1785
1230 1253 1048 70 2424 2186 1427
13 2244 70 2588 1368 219 2658 2601 1316
1398 870 1592 2424 2719 1785 2127 1368 1156 1048 3172 642 1992 2658 1026 1764 427
748 1207 202 70
908 2238 3219 662 70 2424 2024 1764 2818 713 1681 3242
430 594 2542 1785 1627 2588 1368 1559 2522 2424 613 1681
588 1890 2567 70 1368 1427 2172
1334 2930 1279 712 2863 2026 2015 1427 2424 2024 202 2052 1368 2795 1496
924 2042 2981 2746 2641 1764 2588 1026 2424 1992 1769 277 672 2601 2967 805 3150 1168 1171 1681 460
16 1526 70 794
383 108 2637 827 2987 1756 1715 3138 521 697 2461 604 1553 1681 2978 1253 963 1627 1521 509 1679 2665 2026 1171 1928 734 789 691 299 37 2169 202 2135 285 19 1511 1545 2895
64 1210 682 768 2588 1168 3242 697 1785 1528 2461 1048 1309 3024 1756 1427 21 1735 202 371 231 2987 1608 1764 2541 1171 2967 1271 3078 2069 38 1220 2243 986 3066
17 1269 70
277 2564 404 70 2601 521 2424 1427 3240
658 1677 1173 840 1368 1387 2422 70 219 1047 697 446 2601 1172
177 1139 732 2193 2252 1764 2588 649 19
577 1117 2806 3173 2086 1431 794 70 2424 1681 981 2122 25 1427 2588 2601 1026 3242 962 786 2843 19 2469 2921 38
1304 1423 2159 254 2415 1437 2601 1785 1368 1427 3166 604
1153 1250 2021 70 2975 2424 2601 1194 3025 461 1368 981
276 2204 1874 1764 1246 2469 2588 70 2601
1247 1110 2499 799 2692 1573 202 2424 1368 1427 1764 614 2026
145 841 1048 1785 1679 3025 1368 2424 1427 2601
219 2642 4 476 2469 1528 2588 70 1722 1586 1026 521 824 697 1764 219
1278 2505 2000 1051 1944 1477 1764 3089 2659 604 1168 1171 1047 1681 2804 1680 2004 2447 986 1879 2235 2790 2970 3240 2589 1468 1152 672 2389 2048 1528
615 2301 1313 2424 521 713 70 2588
1210 1667 1368
838 2582 2330 1478 826 1350 1219 2588 2601 697 521 444 1368 1540 2821 2822 798 1780 1992 1427 2109
768 1463 942 1508 2601 19 37 2424 1764 2588 3242 1368
1331 175 1899 3046 352 2705 2932 70 1996 1785 691 2424 697 2595 37 2224 1368 1048 1152 1047 986 25 1013 2601 1992 16 2991 1673 2183 1528
864 1049 1476 452 2424 2601 697 2449 2172 2588
135 151 969 750 1 2708 2523 2588 2956 2601 2512 2228 2188 1332 616 1172 30 2026 2984 1914 1150 2865 2430 37 1847
956 2106 1376 3143 2663 2275 2952 1847 1338 2345 1836 206 2274 3128 981 1521 2588 2663 2424 1528 419 1681 1246 3150 1310 2243 415 3025 3209 2264 1667 460 3138 2952
1339 531 1066 1694 1048 2601 2588 3059 2417 2243 3239 3240 3175 3002 1735 1152 255 1156 104 1992 219 3124 2591 1120 2794
966 1670 2840 224 2855 1715 2601 1172 19 697 74 2207 3059 2913 1221 108 1368 895 793 642 2846 711 884
1154 2062 2808 2260 70 2424 697 1368 2172 3078 1156 1427 2398 1528 1387 794 1764 2026 1500 1048 1221
432 2652 3168 70 1368
128 3193 1158 2475 3105 1536 1048 2069 2424 70 2588 2469 1679
398 2987 3234 3221 604 2077 70 1221 3171 1764 794 2987
377 105 2776 2588 981 2790 1764 2077 70 3147 1163 2857 1521 19
1202 1152 2077 70 1368 2424 1785
587 2393 2801 2588 2424 1681 25 1785 1764 1221 50 1501 19 2172 2795
981 1145 845 2966 307 2588 1427 2060 89 3025 984 3240 521 19 3128 846 3150 30
1307 2537 2087 2046 1764 2424 1427
1050 620 1401 3043 457 2588 1048 2424 1528 70 1764
416 1006 1048 1764 3169
1208 1924 1834 2601 1378 43 70 1769 19 1171 3239
318 2463 3225 70 2588 1048 2512 202 1368 2172 2454 1500 1528 2658 1562 1877 1592 1992
1292 540 37 2424 70 2512 1735
236 2621 1427 794 2588 1681 713 2601 1368 2094 1151 1679
579 1538 2588 1764 1427 2601 2424
543 75 1764 521
393 1226 342 2987 70 2588 2077 2424 314
548 589 2424 1368 697 2601 1744 2172 2588 2183
676 1246 1429 2588 2601 1427 2424 287 697
154 74 1230 70 2588 2601 19 2172
1234 2924 2753 934 2802 936 3244 2820 3172 1368 1764 2588 1827 1785 1427 2046 999 144 2469
155 207 973 3172 70 1368 37
1270 2623 1605 70 2601 2424 61 697
1059 1348 864 1379 2235 19 697 2172 2461 2125 794 1048 37 1427 2024
536 1136 70 1681 1427 2588 2601
1047 3118 2738 1133 2913 2424 1094 2024 1627 2023 2469 299 1563 981 3138 1368 1681 1011
883 2196 2424 2077 1221
891 2092 3207 2073 2969 2234 2852 2601 70 631 963 1609 2844 2984 3132 2169 2141 538 1058 1010 747 2227 25 2912 1368 3014 3138 2453 2461 1526 419 2086
562 1923 880 2838 2601 1785 2588 3172 1221 2658 1156 1168 37 2424 299
444 1101 621 1764
308 1639 70 2588 521 1368 2024
687 2530 962 1528 2512 219 70 1427 1679 487 2601 2424 697 2913 3059
301 561 2588 2424 1785
977 645 921 604 1368 521 2601 1427 219 870 1608 2967 1500 2913 1992 2183 3054 1599 19
28 1895 2588 70
897 2540 1050 1764 2588 2658 202
1191 835 1325 2424 1764
94 2285 134 549 70 2601 613 1765 1047 2588 1171 3172 314 1521 2483 1368 664 1427 120
909 905 3172 2588 70 1500 789 2424 202
618 1524 1682 2614 1107 3033 2601 2967 2984 1764 1679 2913 37 2424 1427 1048 202
30 1766 1368 70 2809 2601 2424
226 2281 293 107 2024 1528 981 2588 1684 1764 1168 2228 2601 1235 25 1679 2790 479 2172 2658 2449
1324 3218 70 37
910 480 2424 697 19 70 1368 2546 2469 1156
1005 203 2424 2588 1427 1048 521
722 1023 2172 1985 2588 2169 521
848 1775 742 70 697 1368 1048
326 1603 70 1002 202 1764 310 521 1681 2658 1495 3242 2913
1073 2219 2424 2601 2024 2588 697 2077
1114 1782 957 37 3059 2023 2172 70 2588 1940 697 1764 1368 981 2354 1048
1012 312 920 468 2545 981 1368 618 2235 219 2546 1521 2491 1498 521 963 1764 604 3242 37 124 3014 1627 188 61 202 704
211 3165 521 2077 2541 1785 2916 1992 2804 2424 1217 202 1679 1963 3240 1627
414 1590 2588 2809 701 2424 70 697 2172
634 63 1687 1999 395 2640 1213 1785 1764 1994 779 2556 2618 521 721 1172 1427 2469 1002 1397 733 1307 299 2843 2552 1762 1500 2279 794
1289 390 2777 299 70 1764 1221 631 2908 2601 2588
32 584 2601 19 70 2424
720 103 221 1029 3028 697 202 2671 1681 2967 2024 1010 37 1734 1526 1709 38 2557 74 1735 706 2589 631 19
1337 2638 1835 2208 1922 219 2588 1427 2424 1983 1368 933 1256 521 998 314 3138
914 2521 2905 70 2601 697 2424 1764
636 464 2172 1427 2601 521 981 1764
454 1294 70 521 1992 1427 202
1260 1175 683 1256 2601 2024 614 1501 1992 521 3172 3073
74 601 996 1295 2195 1840 1528 2822 3002 1172 70 1048 2383 2110 2984 1735 2700 2483 1168 1992 524 2026 2542 2805 1627 1235 1026 946 1182 1642 540 444
58 1326 2728 1419 2424 965 1764 3241 2601 719 1048 2172 1368 697 479 1427 2992
1083 2257 882 1168 1528 2570 3217 604 2588 3240 973 2103 697 3078 202 2024 3138 2790 446 219 2383 1221 2849 1681 2591 1020
1085 349 3100 2469 2601 2588 1368 1172 28 219 2424 794 2615 1168 2026 1684 1219
611 1805 2588 2026 1752 2913 613 1764 2601 1681 2967 2658 219 1271 19 202 798 1673 3242 2808 1171 2172 1235
1152 1907 18 3052 1464 825 70 2424 2601 604 2658 65 1221 986 3059 1256 2172 1744 1189 2587 521
801 2427 3142 794 1764 2424 1048 70 2588 2601 1221 202
612 1225 2172 2588 1894 2984 2424 97 1726 604 631 1753 1553 428 3172
1370 186 219 70 3093
104 253 2584 145 70 2601 1427 2424 2588 1985 1764
426 2612 1223 2588 2601 219 1694 1427 3240 697 2242 1785
1327 2267 2424 70 2588
467 337 2401 1749 2918 70 2424 1764 2481 734 697 1427 1608 2658 2913 1259 789 2849 2001 2601 981
1078 2375 2194 2424 697 2658 2588 1368 2430 521 1246 1608 794 2378 1764 202 534 1427 1058
1206 3024 2241 2601 202 70
1123 2366 657 1764 2588
431 3094 2601 70 2172
1137 670 2357 2163 2024 697 789 1684 37 1017 1575 2144 961 38 639 886 662 1996 1500 17 30 1445 559 2790 2139 2765 3240 1738 455 1798 2435 2541
285 1457 2601 2143 25 2588 1246 2023 278 2449 2024 3122 219 521 1048 19 1972 2790 1219
1185 3167 2424 70
196 2370 1616 1044 1981 1368 883 2424 521 3025 2048 3172 1427 3169 1500
234 482 2424 1764 2561 2243 1171 616 430 299 538 2469
271 937 2588 2172 1764 219
1181 1503 2352 1297 3130 70 2424 2469 632 2172 1503 2601 2435 1152 521 3228 1679 1172
835 2635 2807 1157 2601 2588 3014 1765 1735 1221 1048 2658 3002 1608 2780 1368 973 1528
1141 2574 315 2201 70 2424 2601 1785 1764 3059 2574 1679 2024
316 2941 140 115 984 1528 981 1048 2809 3002 37 1368 1427 1679 1553 2186 1785
44 2829 70 19 2424 2588 1681 2024 2235
212 33 70 2424 2182 202 314 1368 1048 705 2849 2188 37
1203 1432 202 70 2601 2235
159 7 2461 70 2424 2588 1048
1093 68 2601 1427 2424 697
664 2594 2601 1764
534 82 1427 2172 2588
1180 600 2513 2718 70 1764 2658 2588 3240 2601 734 604
56 1542 2601 70 1764 794 1048 1368
1194 40 2435 70 824 2595 1681 2913 1172
833 1591 70 1764
120 2948 1933 70 2601 1765 1764 1500 1528 19
1072 2589 1368 2225 697 1133 2172 2601 2588 219 2591 3078 2962 1427 1765 1827 2589 1048
526 1618 2424 2601 521 3150 794 1764 1427 3059 2461 2046
792 2772 2588 70 2024 1368 2534 2469 3014 1156 645 3172 963
627 699 2664 1512 962 1048 2023 1163 1026 2187 3128 697 1152 1397 1868 2601 1753 202 1735 2595
39 2922 2588 70
550 3051 1714 1739 2458 2172 70 1500 2424 1764 1156 2601 285 38 2009 37 1992 2933 2024 1427 219
338 1750 3243 202 70 3059 1528
1333 1385 70 1384
80 2945 2601 2424 2469
721 2762 2091 70 2424 2588
1329 1568 2972 2773 3212 2031 61 697 981 2424 1221 219 2172 1785 1665 1013 2843 1681 2403 2546 482 37 3034 2077 1970
892 556 548 2128 2424 2512 2588 1048 1189 1368 1500 1529 1785 2001 219 3152 2461
344 1414 1567 70 1368 2172
711 2089 2424 2588 70 1764 2001 1058
1245 2255 1461 2424 3242 19 1368 1498 2818 255 1247 202 2591 3025 2077
391 1861 70 2588 1368 521 2424 2207 1785 1977 2024 1048 2601 219 1186 1715 2621 2313 25 794
358 3136 1764 1427 2601 2424 2188 2024 141 677 3002
382 1091 70 2588
715 1974 2347 1198 2036 70 388 1026 2790 19 697 604 1271 794 2042 38 219 1496 2024 2913 1368 2818 986 1427 2820 1172 299
1227 816 2601 521 2687 219 2169 2469 1785 43 19
904 1286 70 2172 2601 1221 19 2233 691
1129 1931 2588 2172
1179 961 674 981 70 2843 1785 2424 415 1468 1307 2172 1048 219 2454 1705 2545 1427 1528 2243 2024 794 1220 1368 1673 25
1297 1241 70 2601
491 2928 2601 2424 1970 1368
754 2831 2351 70 1427 697
88 1046 3237 748 2424 1427 2588 2024
1382 1254 420 2675 2426 70 1246 2024 1846 1563 1220 613 2601 144 1339 2917 1764 3059 701 1331 691 1094
261 992 2601 2588 2657
733 2306 1992 70 2601 2172
927 796 2588 1764 794 19 1172
499 244 2496 1427 70 2172 1500
1199 209 1631 2424 202 2601 2790 2588
54 2437 2024 2424 521 2172 697
248 2471 887 442 794 1048 2427 2804 1764 2759 677 697 1679 1133 2820 521 2546 1171 1827 267 2141 2913 2591 2417
55 537 202 1992 2601 2424 521 1785 3059 2060 3172
773 2479 2424
1397 2911 70 2024 2424
585 2533 70 219 2601 2172 2588 988 986 521 885 1427
561 2132 19 2424 2601 1368 1427
532 1773 70 2588 19
630 2732 1859 234 1368 2512 2401 2228 222 2825 460 1417 2273 543 1163 19 2929 25
506 309 3244 1470 70 2172
390 1555 70 2588 2424
1373 13 1764 70 1427 2469 2172 2424 697 2601 1368
673 2331 2866 1764 70 2172 2546 2178 1048 1368 2424
273 2649 2647 794 2469 202 3025 1221
741 3181 70 2454 2024 2588
61 1033 70 19
743 1905 1908 1368 70 697
730 1088 997 2601 2658 2591 2461 1785 2024 755 2141 1309 1985
992 2311 697 70 538 3240 1368 1764 2009 2736 2141 2539 202 2 408
66 2457 2588 1048 2499 2601 1764
1094 1848 1751 2424 2601 2588 215 70 1202 1681 2001
576 2864 2424 1764 521 1359 2978 2973 2832 1427
789 1645 2754 521 219 1764 1368 2424
537 673 794 3172 2424
1305 2554 1427 70 2588
386 2739 460 19 2424 1368
1303 402 19 2424 402
935 940 2620 2343 1785 1562 219 2601 2670 2469 1764 697
1178 994 70 1764 1368 2546 1785 521 697
228 58 1764 70 2588 2601 2424 1368 202
662 723 2815 2601 2422 19 1681 1133 2913 70 1368
73 1747 1785 1048 1764 3172 2424 2588
1095 417 2671 642 2024 2235 2601 1427 1368 2188 521 1488 2818 1715 701 51 2992 1528 1511 1026
597 1517 70 2424 701 1528 2026 37 697 2984 2541 1168 1764 219
199 2498 2601 708 521 1048 2469
78 119 1764 1048 2424 1992 2383
79 1537 2588 1764
884 1784 1047 70 3025 604 2588 2469 19 64 37 1427 219 2658
213 618 397 1427 1764 697 1500 1488 2469 2424 2658 521
737 1237 1319 70 2601 1156 1764 2424
417 118 2024 2601 1528 2424 3172 2188
84 776 2024 2588 1048 2809
810 1530 290 159 407 3162 2188 2601 1528 1172 614 697 2840 1992 2046 482 534 1113 3157 2808 2804 2231 794 962 789 1202 521 2591 2718 1048
89 2102 2601 19 2169 1764
963 686 19 2601 202 2588 1368
885 494 70 2588 1665 1172 697 1764
681 2643 697 2588 789 2601
385 2600 2424 19 1764 2546 216 1026 2461
514 2149 521 87 1368 711 2658 2809
1121 1588 2588 70 1764 2913 1368
1174 850 2263 521 2424 70 2601 25 2469 1133 1263 981 97
1030 1991 2588 70 219
1313 3132 521 2424 2545 697 1794 1563 2172 1764 2060 3157 794 1545 605 202
1155 1169 2444 1764 794 1735 2824 1684 2056 70 2601 1681
112 3055 1572 521 697 2984
667 1558 3025 604 70 2424 2001 2984 1171 1679 3242 2991 941 469 2024 3172 1665 2449 986 2469 2461 2843 2004
1186 1878 450 70 1764 697 911 2940 2424 2112 734 37 1048 2009 521 391 1368 768 2235 794 2056 3059
291 1287 2424
982 1813 70 1246 19 3025 2424 485 1048 794 3059
756 1115 1427 2601 2424 2588
853 3067 2511 697 2017 2658 541 1427 981 1785 3242 2469 2172 19 1992 285 2511 604 784
766 1676 1427 25 2601 1764 1048 1368 19
1200 1516 697 2601 521 2024 1887 2913 2804
783 1481 219 1785 2588 1172 70 2601 1764 1171 2825 1368 2186
460 344 1427 219
1290 774 2588 70
272 2170 70 2172 2601
158 213 3002 2424 70 2601 2984 1427 2469
784 2271 70
879 2853 2487 3009 1265 70 2588 2024 521 1559 2424 697 2747 37 1681 2469 2601
1132 398 70 2172 202
941 174 70 2424
1182 2413 1427 2908 2228 2424 37
1321 2333 1256 2424 70
1098 57 345 70 2588
1135 91 1615 1368 2658 2799
190 1275 1048 2424 1168 2588
551 2999 219 2024 2183 521 1785 3157 1261 1368 2808
1097 2879 1048 1221 2601 2172 2424 2024 2273
826 2851 2590 1049 2805 219 2169 1735 1388 1354 3002 25 38 1002 1827 2987 65
224 710 2756 70
415 2064 2723 2588 2424 1427 2601 521
221 2074 1171 70 1992 2601
225 1534 2601 2454 1785 2588 1541 1177 460 963 1715 2790 1048 2024 2658 794 697 19 1681 469 759 1246 415 108 3134
369 1869 2024 219 1048 2913 2967 2658 1528 1368 538
1041 689 2843 1427 1764 2512 973 2424 202 2984 614 2228 1047 2601 21 1501 2001 1368 3239
1126 228 2424 2658 70 1048
1261 152 70 1221 2424 1427
704 1839 2588 2024
714 1746 2588 697 2601 70 1746 1368 1764
759 545 202
808 1252 2588 2424 70 1785 1764
1259 1249 2424 2182 1764 734 697
1011 1741 70 1681
1216 679 2588 2424 1764 2601
1244 2501 1501 70 2622 2023 2588 697 536 521 164 981
1277 1262 70 1681 1427 798 3242 521 1168 1156
1332 180 1764 2790 1171 2601 3002
1408 753 2422 1715 2588 2199 2805 2575 2601 1681 1495 1992 1985 2832 509 2658 2026 410 25 1246 1762 30 681 1168 991 2984 986 1932 779 614 1897 469
2 70 1209 1764 21 2996 2588
5 25 2588 2967 521
12 70
14 697 2601 1427
15 2601 2424 1559 2658
20 2588 219 2172 2424
22 2658 2424
23 70 2588 2172
26 2188 1048 697
27 2588 697 3002
33 219 604 2396 1368 697 1705 1679 2454 2601 794 1685 1681
35 1764 1785 2424 2601
37 1427 2588 2424 70 2601
38 70 1048 1427
45 70
49 2172 794 19 981 2424 697 1368
51 70
53 2588 2601 604
62 2469 2024 1764 1048 37
65 2588 2601 70
75 2588 2424
76 61 1172 2424 1764 25 521 2172 19
77 1427 521 70
81 19 1764 2424
85 711 2424 2588 2658 219 2024
86 2424 2588
87 1642 1427 3059
93 70 697
100 70
101 70 1048
106 1368 2424 521
108 2601
109 2588 1500 1785 794 1221 2822 697 1528
110 70 3172
115 2424 1785
117 2820 713 218 1368 2588 70 202 219 2103 25 479 981 1256 1152 1427 2169 2172
119 2588 70 521 2424
121 2588 1764 19
123 1764 70
125 70 2588 1368 2183
129 2588 37 2424 697
130 2658 2424 2815 2469 1427
131 2172 1764 1642 2913 1172 30 1171 963 2435 2978 2591 1735 981 1397 1168 1713
132 70 1764
133 2424 1427 697 2015 1528 1368 2601 3242
136 1368 1048 2588
140 70 2424 2601 794 697
141 697 1764 70 3002 604 2183
143 70
144 1764 2588
147 70 2601 1764
148 1764 1048 2469
150 70 2424 1368
152 70 2913 37 2188 2024 521 2424
153 70 1764 2601 202 2449 1368 521
156 2588 70
157 2588 1221 2601
160 2424 70
164 1764 70
167 2588 697 26
169 70 2588 1764
175 70 2601 2588 1764 2967
176 1310 2588 1679 1368 2424 163 2469 1528
178 1764 2601 2424 2588 521 2141 1785
183 70 19
185 697 2658
188 2601
192 2424 1048 202 697 2295 1080
193 70 2588
195 70 697
197 2601 2183 1785 1608 2469 21 2279 534 521 1895 697 1171 1152 1368
198 2588 2424
201 70 697 51 2424 521 19
205 1764 3002 2601
206 70
207 19 2424 2601 2024
209 1735 19 2424
220 2424 2588 1156 2422 1764 61 1785 1368 2736 981
222 1764 1785 70 701
229 2172 463 2588 2424
231 2172 697
241 1368 2424 2601
242 70 2043 2588 1221 1048 1026 2601
253 70 2077 2601 59
254 70 2424
257 19 1764 1368
258 2424 3059 3002 2588
262 521 3002 70 1368
265 70 2588 2024
267 2601
275 1256 1764 697 3169 1489
278 2424 70 981
282 1221 70 2424
283 2424 70
286 70 2658
289 1559 2601 19 521 969 697 1048 1785
290 70
292 2182 3059 1764 2601 70 2588
293 2588 697 70
298 2601 1764
300 2588 2024 2424
303 1764 70 2424 2588
304 2172 1221 2601 3059 2424 1764 1528 1368
310 70 1764
311 70 2424
312 70 3002 2601
313 1764 697
317 2588 734 70 2820 2424 2822 521 2024 1026 1681 1528 2990 1372 1764 30 2060 2449
319 70
320 70 1764 2601
321 1764 2658 1427 3172
323 2172 1368 1048 534 1661
324 202 21 1785 30 2172 1735
327 70 1528 19 1048 713 1368 2622 794 1427
332 2588 70 1764 2601 1528 1094
337 2588 2424 1368
339 70 1048 2601 521 19 1427 1221
341 2588 1427 1221
343 1764 2588 2424 70
345 1785 1368
350 2424 789 3172 2588
353 70 697 19
355 70 697 1048 2588 2601 219 1785
356 70 2424 2588 2172 202
359 2601 1368 70 1764 697
360 70 2601 2588 1992
363 2601 202
365 2424 38 2984 3114 2861 1764 2024 794 1171 2731
367 1048 1785 2588
368 2601 1764 2588 2424
371 1785 2424 3025 2913 19 2546 2024 981 236 25 2169 1427 37 614 2141 219 1168 789 1221 2172
374 1368 521 2424 2601 1764 19
376 2601 1764 2424 70 219 2588
379 2461 2601 1048 2424 697 2430 255 521 1681 2591 1627
380 70
388 1785 2424
395 521 2588 2658 2424 199
399 202 2913 2424 1368 1048
400 70 3172 2601
401 521 697 798 1713 794 30 1427 678 2913 2469
402 2658 2913 1048
403 202 1172 1221 1764 2588 346 697 3059 43
405 1368 697 1785 3059
408 2077 70
410 70 2424
411 2658 1427 3138 1528 1368 1992 2228 2825
413 1368 2024 521
420 1229 2588 1764 2188 19
421 2424 70
423 70 1427
424 1172 70 1785 202 2588 1368 3059 2024
425 2588 3059 697 2601 2621 2469 1785 2077 1764
427 70 2424
428 1133 2424 2601 3002 1368
429 1764 697 2424
438 70 2815
440 1368 2588 1048 70
441 2588 70 1310 1427
443 70 2588 1785
445 2588 1048 1427 1171
446 2424 70 521
448 70
450 2424 2024 2601
452 2424 1764 2588
455 1764 1368 2424 70
462 2424 202 70
464 2424
469 2588 3014 2077 2992 2601 2424 1048 219 662 1992 2024 604
471 1600 1764 697 2424 2588 2169 2024 2023 202 435 2913 1529 1221 2183 1296 1559 2045
475 202 2588 2424 25 2601
477 70 521 2077 2588
478 521
479 70 2424
481 2424 70 202
484 70 2424 2588 19
486 2588 2424 521
488 2588 2424
492 70 2424 2588
495 70 697
497 3059 70 1427
503 70
507 70 2424 3002
509 1368 521 1735 70 2601
512 521 2588 70 631 1048 2283 2601 794 285 2592 19
513 697 19
516 70 2172 2588
517 2424 2588 3025 2658 19 3002 1368
518 70 2424
520 2601 19
523 2424 2588
524 70 1764 2424 2588 2601 2235 1427 521
528 2658 1427 1172 521
531 70 2658 202 2172 2424
533 1368 3245 2127 2187 2424
538 2230 3214 2424
542 2588 70
544 2424 2601 3172 983 697
552 697 1764 3059 521 2601 2026 19 1349 767 1047 2843 708 1992 1855 1203 2383 141 1026
558 2024 2588 521 1048 1735 2424 1427 2608
559 521 219
560 70 2588 1785 2424 1368
564 2449 2024 2588 2424 3242 2601 697 981 460 1368 2913 219 37 3150
565 2424
568 1764 1172 3172 1368 2469 2172
570 1992 2424 2172 1679 19 222 37
573 70 2601 697 2588
575 1764 2591 2077 1785 2601
578 2424 1368 662 1133 2588
580 2588 19
581 2601 70 2588
582 19 1764 2588
584 1048 70 219 2588
590 70 521 2424
591 1764 2588
594 19 2469 1172 2658 2588 1679 1427 2172
595 1427 3002 2279 697 2188 1133 2588 521 789 2595
598 2424 2621 70 997 2790 713 2449 2313 2279 2843 1256 1368 469 2056 43 697 51 2169 2595 1785 1698 1515 2270 1221
599 70 2588
600 2424 2023 1540 1427 1685 963 3128 613 697 1133 2843 2172 1171 219 1684 3165
607 70 521
609 1368 19 3059
613 70 2588 2601 2424
617 70 2786 2601 2465 697 37 1992 2461 701 794
620 1368 19 70 697
621 1764 697 1427 1048 70 2588
624 1427 1756 3025 1785 2383
626 1171 2588 2424 1785
628 521 202 2469
629 70 1368
643 2601 2172 521
645 1048 697 2601
646 1427 1048 1528 2235 3242 2601 70
647 70 2601
648 3025 2601 2424 2541 2172 2658 2024
650 2424 70 3059
654 202 1764 2588 2172 219 604 1048 1765
655 2601 70 2588 1368
659 2588 70 2424
661 2588 1048 2601 2658
663 70 2424 202 1427
666 2424 521 1528 1368 2172
677 1427 202 521
682 2424 2588 1172 1681 61 2601 1559 963 1368 219
685 70
688 2658 70
689 70
690 2718 2424 2663 1500 1764 2809 1785
693 2588 1764
698 2424 1048 2024
700 1048 697 1368
707 2424 2588 70
708 70 2588
710 2601 19 2024 2172
712 2588
713 1427 70 1368
716 2601 2424 521
717 2588 70 1681 2424 1368
723 70 1002 1764 521
725 1168 70 2601 1368 19
726 70 1681 2588 3242 38 2424 2024 604 2987 2601 2929 1171 2658
727 2601 70
729 2588 1764 70 2024 1785 37
731 2588 697 19
732 70
736 2601 2235 1368 1427 2424
745 1047 70
747 2588 70
749 1368 2424 70 1427 2658
750 2820 1368 2424 1387 202 219 3002
751 2588 1528 1368 2424 1171
752 2588 521
755 2424 2588
760 3002 1735 1764 2601
761 2588 794 1368
762 2424 1764 70
763 1048 578 2024 2601 1156 2588
770 2588 3172 70 202 2658 19 1427
771 2601 2424 1368
774 789 2588 1764 3172
776 1627 2424 487
777 1427 2424 2588 70 2601 697 2425
779 1427 1764 701 2424 2026 2422
780 2601 1785 794
782 2601 2172
786 2595 2658 1679 2593 2424 1368 1172 1764
788 2588 299 986 70 1785
795 697 70
798 1368 521 3145 1785
800 1764 1368 697 3172
803 2601 70 1048
805 70 1764 2601
811 2172 2588 2424 70
820 697 1048 1764 1156 219 1528
822 2588 2424 2601 521 1427
829 70 2588 2424 506 1735 1368 19 521
830 2588 2601 219 2024 697
831 794 219
840 1156 2424 1170 2601 1048 1368 1172
842 70
843 19 70 1368
845 697 70 521
850 202 2601 697 2424
855 2588
857 70 1608 1427
860 70
862 697 2424
863 671 70 2588 1764 1368
865 1048 1785 1764 1427 3059 697 2967 521 962 662 789 1221 219 202 963 2895
866 70 2588
868 70 2588 1427 1368 713 789
869 1221 70
871 2601 70 2424
874 1992 1156 2601 70 219 2279 1172
878 70 2424 1058 1715 1387 38 19 1172 697
881 70 2601 202 697 1920 2424
882 70 1764 219 19 2601 1152
886 70
894 1368 2601 631 70 2424 2588 794
895 2424 1764 1427 2601 3138 19 1368
896 1427 2469
899 2424 1368 1172 1764
901 1427 1368 202 19
903 521 2424 2748
906 70 2588
907 2588 1048 70
915 3172 2424 1715 1764 202 1292 618 794 657 1753 38 1368
917 521 3059 697
918 521 2809 2024 509
919 70 299 2601 2588
922 1368 2588 70
926 2588
928 1785 2424 1764 1427 2601
930 2188 2588 70 1764 2172
932 1785 2588 2601
933 1762 3059 19 2469 2913 487 2991
934 70 19 2172 1764 2424
936 2424 70 2449 2601 2398 1368
937 70 2601
938 2424 2588 794 2970
940 1764 70 2424
946 662 1427 1715 2588
948 70 1048 2809
950 2424 1427 2820
952 2601 2243 70 2424 1172 1133 963 521
955 1368 2790 19 1048 2424
958 2588 2424
959 70 1681 697 804 2588 1764 794
961 1368 70 1048 2588
962 2424 2127 219 2601
970 70 1764 2449 613 521 2230
971 2424
972 1785 1048 2658 1368 1526
975 1764 70
976 2424 2279 70 202 30
978 2588 2424 70 2172
983 2588 1764 2424
987 2176 1993 2588 70 19
988 2424 2601 697 1368 2913
994 2424 1048 202 697 1681 37
997 521 2424
998 2658 1785 70
999 3002 521 1685 1669 2601 3150 614 666 1681 2422 2063 2077 1172 2809 516 1368
1002 2588 70 1368 2601
1004 2424 19 2279 2725
1006 1048 521 70 2422 1368
1008 70 2740
1009 1764 2588 997 1528 19 2182 1368 2601 3172 2658 3157 2045
1010 2588 70
1013 2588 2424 794 2024 202 521
1014 3002 3172 202
1016 1048 70 1764 19 1179
1017 2588 1368 2601
1019 2588 1048 2143 2001 2503 1172 2790 1427 1094 1488 1891 1528
1020 70 2077 2424 2588 1785
1022 70 2658
1023 70 2424
1024 70 2424 1764
1025 2588
1026 70 2512 1427 2588 521 1975 2424 1874 3002 1985
1029 2424 2588
1031 1764
1034 2424 521 70 2588 3205
1042 2077 70 2424 2601 2588
1046 70
1049 70 1764 2588 1171 1528
1051 1673 1168 521 2736 1368
1053 2424 202
1054 70
1055 2588
1056 1584 1764 1171
1057 19 1764
1058 2424 1368 2588 2601 70 1756 19 1679 1172 2172 521
1061 1764
1063 2424 1764 70 2588 2024
1064 1427 2424
1069 70 2588 1795
1071 70 2588 697
1074 70 202
1079 613 70 2601
1080 1368 2172 2424 521
1081 70 37 3059 1510 1764 2733
1088 3172 2588 1764
1090 70 2601 1368 697 2172
1091 70 2588
1092 70 981 2026 1026 711
1101 2077 1764 2588
1102 70
1103 2588 70 2424
1106 70
1110 202 1221 2024 1735 2243 2658 2187 2790
1112 1427 2424 2601
1116 2588 1172 654 2621
1122 1764 2424 2601
1124 794 2424 981 2588
1127 70 521 2588
1131 1427 1368 1764 2658
1133 2601 70 2024
1134 70
1139 2658 70 2469
1140 2424 3059 1094
1146 70 521 1427
1147 2601 2424 70 2024 697 521
1149 3025 2424
1151 2424 697 521
1162 70 2424
1163 2658 1368 2601 70 2809
1165 2588 1156 70
1167 1679 2588 70 3025 1048 713 794
1169 1427 37 1528 2588 2424 1246 2601 651 2461
1173 1681 1764 70 2588
1183 2172 2424
1187 1764 70 2588
1190 697 2424 3002
1192 2424 70
1193 70 2588
1195 2424 2913 794 2790
1196 70 2424
1197 2588 697 1785 1764 662
1209 2588 70 2172
1211 2588
1213 2424 2601
1215 1764 70
1218 70 1764
1220 70 2588 1427 2601
1221 1764 2601
1225 2588 70 1171 701 1764
1228 2601 2588 2987 1056 1764 219 1048 3025
1231 2588 436 1540 2601 1764 701 2658 794 1166 3002 3025
1232 1368 70
1237 2588 202 2469 2424 2512 2601 1048
1238 70 3172 2424
1241 604 70 1992 3172 1368
1246 70 2383 1427 2588
1248 2135 2601 2424 2588 2658 735
1255 2913 981 1048 70 1133 697 1785 1047 1681 3240 19 2024 469 2997 728 1627 2530 2183 1454
1262 70 2424 1764 1681 2009 1427 701 1171 2588 604
1263 70 2588 1368
1264 70 2809 2601 3059 219 37
1266 30 1764 70
1268 2601 219
1271 314 19 2424 2815 2601
1272 70 2601
1275 70
1282 1764 2588 1368 2424 70
1284 2588 1427
1287 70 2601 37
1288 2424 70
1293 2601
1295 2588 2601 1368
1296 1427 70
1309 2601 2424 2469 70
1314 2588 2172 521 2424 2601 697
1316 19 1048 2601
1317 2601
1320 521 3172 2601 21 219 697
1322 697 2601 1427 19 1762
1323 1764 2601 2588
1326 70 2588 2424
1328 70 2469 1764
1335 1048 2469 1764 2588 1992 2077 2172 2437 1427
1340 70 2601
1342 1762 2588 697 1427 1608 70 1681 1764 613 21 1221 2243 662 2631
1343 70 1368 1764 3077 2588 2172 1785
1345 2424
1346 70 1427
1348 1785
1349 219 21 202 1427 2601 3138 2268
1352 2424 2658
1354 521 2588
1356 2172 70 794 2424 2228 1133 1368
1358 3150 2588
1362 1764 202 2172 2658 997 2588 1669 37 2469
1364 2424 3138 70 2601
1366 2588 2424 70
1368 2424 19 70 1764
1369 2588 1368 70
1371 2658 1368 2601
1372 70 2588
1374 70 1764
1375 1764 3172 2424
1378 1427 1764
1384 2588 2601 2172 1764 1368 613
1385 2424 2588 701 1785
1388 202 219 2424
1393 2424 70
1395 2172 2424
1399 2424 2601
1400 61 697 1753 1168 2601 2024 2172 1220 2718 986 25 613 2230 1133 2822 2658 2978 2001 1427 459 647 302 1263 2279
1401 70 1427 697 521 2172 2424
1404 1427 2424
1405 1427 697 1048 2588 2424
1407 2024 70 1156 1681 2588 202 2424
